0.00000000000000000
0.00000000000000000
0.00000000000000000
0.00000000000000000
0.00000000000000000
0.00000000000000000
0.00000000000000000
0.00000000000000000
0.00000000000000000
0.00000000000000000
0.00000000000000000
0.00000000000000000
0.00000000000000000
0.00000000000000000
0.00000000000000000
0.00000000000000000
0.00000000000000000
-0.00024414062500000
0.00042724609375000
-0.00054931640625000
0.00012207031250000
0.00073242187500000
-0.00256347656250000
0.00482177734375000
-0.00732421875000000
0.00872802734375000
-0.00775146484375000
0.00146484375000000
0.01806640625000000
-0.03405761718750000
0.00970458984375000
0.00323486328125000
-0.00500488281250000
0.00842285156250000
-0.00488281250000000
0.00531005859375000
-0.00134277343750000
0.00195312500000000
0.00036621093750000
0.00061035156250000
0.00012207031250000
0.00067138671875000
-0.00018310546875000
0.00067138671875000
-0.00006103515625000
0.00048828125000000
-0.00024414062500000
0.00006103515625000
-0.00024414062500000
-0.00012207031250000
-0.00018310546875000
-0.00030517578125000
-0.00018310546875000
-0.00067138671875000
-0.00042724609375000
-0.00103759765625000
-0.00036621093750000
-0.00122070312500000
-0.00048828125000000
-0.00152587890625000
-0.00079345703125000
-0.00183105468750000
-0.00128173828125000
-0.00207519531250000
-0.00158691406250000
-0.00231933593750000
-0.00195312500000000
-0.00262451171875000
-0.00244140625000000
-0.00286865234375000
-0.00286865234375000
-0.00286865234375000
-0.00317382812500000
-0.00280761718750000
-0.00341796875000000
-0.00292968750000000
-0.00372314453125000
-0.00329589843750000
-0.00415039062500000
-0.00347900390625000
-0.00457763671875000
-0.00372314453125000
-0.00476074218750000
-0.00402832031250000
-0.00457763671875000
-0.00378417968750000
-0.00408935546875000
-0.00360107421875000
-0.00396728515625000
-0.00396728515625000
-0.00433349609375000
-0.00457763671875000
-0.00427246093750000
-0.00439453125000000
-0.00360107421875000
-0.00390625000000000
-0.00329589843750000
-0.00408935546875000
-0.00341796875000000
-0.00433349609375000
-0.00347900390625000
-0.00433349609375000
-0.00323486328125000
-0.00390625000000000
-0.00305175781250000
-0.00341796875000000
-0.00274658203125000
-0.00299072265625000
-0.00256347656250000
-0.00262451171875000
-0.00250244140625000
-0.00231933593750000
-0.00225830078125000
-0.00164794921875000
-0.00177001953125000
-0.00091552734375000
-0.00134277343750000
-0.00030517578125000
-0.00085449218750000
0.00042724609375000
-0.00018310546875000
0.00103759765625000
0.00054931640625000
0.00152587890625000
0.00103759765625000
0.00189208984375000
0.00158691406250000
0.00238037109375000
0.00231933593750000
0.00268554687500000
0.00286865234375000
0.00280761718750000
0.00305175781250000
0.00274658203125000
0.00323486328125000
0.00268554687500000
0.00354003906250000
0.00292968750000000
0.00384521484375000
0.00299072265625000
0.00384521484375000
0.00286865234375000
0.00354003906250000
0.00262451171875000
0.00317382812500000
0.00244140625000000
0.00305175781250000
0.00244140625000000
0.00262451171875000
0.00225830078125000
0.00213623046875000
0.00219726562500000
0.00189208984375000
0.00201416015625000
0.00109863281250000
0.00128173828125000
0.00012207031250000
0.00061035156250000
-0.00042724609375000
0.00012207031250000
-0.00091552734375000
-0.00042724609375000
-0.00158691406250000
-0.00122070312500000
-0.00244140625000000
-0.00219726562500000
-0.00329589843750000
-0.00347900390625000
-0.00433349609375000
-0.00469970703125000
-0.00512695312500000
-0.00561523437500000
-0.00592041015625000
-0.00683593750000000
-0.00695800781250000
-0.00811767578125000
-0.00799560546875000
-0.00946044921875000
-0.00939941406250000
-0.01092529296875000
-0.01074218750000000
-0.01220703125000000
-0.01196289062500000
-0.01336669921875000
-0.01336669921875000
-0.01477050781250000
-0.01513671875000000
-0.01654052734375000
-0.01721191406250000
-0.01818847656250000
-0.01879882812500000
-0.01940917968750000
-0.02050781250000000
-0.02111816406250000
-0.02258300781250000
-0.02288818359375000
-0.02441406250000000
-0.02453613281250000
-0.02624511718750000
-0.02630615234375000
-0.02825927734375000
-0.02856445312500000
-0.03045654296875000
-0.03057861328125000
-0.03186035156250000
-0.03186035156250000
-0.03320312500000000
-0.03369140625000000
-0.03485107421875000
-0.03527832031250000
-0.03588867187500000
-0.03656005859375000
-0.03686523437500000
-0.03771972656250000
-0.03759765625000000
-0.03826904296875000
-0.03759765625000000
-0.03820800781250000
-0.03735351562500000
-0.03826904296875000
-0.03741455078125000
-0.03833007812500000
-0.03753662109375000
-0.03820800781250000
-0.03729248046875000
-0.03759765625000000
-0.03668212890625000
-0.03668212890625000
-0.03576660156250000
-0.03546142578125000
-0.03491210937500000
-0.03460693359375000
-0.03448486328125000
-0.03356933593750000
-0.03320312500000000
-0.03167724609375000
-0.03173828125000000
-0.03027343750000000
-0.03051757812500000
-0.02923583984375000
-0.02966308593750000
-0.02856445312500000
-0.02886962890625000
-0.02752685546875000
-0.02764892578125000
-0.02636718750000000
-0.02648925781250000
-0.02545166015625000
-0.02526855468750000
-0.02453613281250000
-0.02404785156250000
-0.02368164062500000
-0.02288818359375000
-0.02288818359375000
-0.02215576171875000
-0.02246093750000000
-0.02136230468750000
-0.02142333984375000
-0.01995849609375000
-0.02020263671875000
-0.01892089843750000
-0.01959228515625000
-0.01867675781250000
-0.01928710937500000
-0.01818847656250000
-0.01843261718750000
-0.01745605468750000
-0.01757812500000000
-0.01684570312500000
-0.01641845703125000
-0.01605224609375000
-0.01562500000000000
-0.01568603515625000
-0.01513671875000000
-0.01525878906250000
-0.01458740234375000
-0.01513671875000000
-0.01397705078125000
-0.01434326171875000
-0.01300048828125000
-0.01348876953125000
-0.01226806640625000
-0.01269531250000000
-0.01153564453125000
-0.01214599609375000
-0.01135253906250000
-0.01177978515625000
-0.01129150390625000
-0.01153564453125000
-0.01153564453125000
-0.01159667968750000
-0.01147460937500000
-0.01098632812500000
-0.01116943359375000
-0.01080322265625000
-0.01171875000000000
-0.01123046875000000
-0.01208496093750000
-0.01123046875000000
-0.01190185546875000
-0.01104736328125000
-0.01196289062500000
-0.01129150390625000
-0.01196289062500000
-0.01086425781250000
-0.01110839843750000
-0.01055908203125000
-0.01129150390625000
-0.01141357421875000
-0.01196289062500000
-0.01202392578125000
-0.01171875000000000
-0.01159667968750000
-0.01116943359375000
-0.01196289062500000
-0.01165771484375000
-0.01202392578125000
-0.01055908203125000
-0.01098632812500000
-0.01031494140625000
-0.01184082031250000
-0.01135253906250000
-0.01226806640625000
-0.01135253906250000
-0.01202392578125000
-0.01141357421875000
-0.01177978515625000
-0.01123046875000000
-0.01153564453125000
-0.01153564453125000
-0.01208496093750000
-0.01226806640625000
-0.01202392578125000
-0.01184082031250000
-0.01043701171875000
-0.01043701171875000
-0.00946044921875000
-0.01055908203125000
-0.01025390625000000
-0.01147460937500000
-0.01074218750000000
-0.01141357421875000
-0.01031494140625000
-0.01068115234375000
-0.00988769531250000
-0.01068115234375000
-0.01037597656250000
-0.01147460937500000
-0.01153564453125000
-0.01196289062500000
-0.01190185546875000
-0.01129150390625000
-0.01098632812500000
-0.01007080078125000
-0.01043701171875000
-0.01013183593750000
-0.01129150390625000
-0.01110839843750000
-0.01214599609375000
-0.01098632812500000
-0.01110839843750000
-0.00964355468750000
-0.01031494140625000
-0.00964355468750000
-0.01031494140625000
-0.00927734375000000
-0.00952148437500000
-0.00921630859375000
-0.00994873046875000
-0.01000976562500000
-0.00976562500000000
-0.00921630859375000
-0.00860595703125000
-0.00885009765625000
-0.00836181640625000
-0.00897216796875000
-0.00817871093750000
-0.00885009765625000
-0.00799560546875000
-0.00891113281250000
-0.00842285156250000
-0.00970458984375000
-0.00946044921875000
-0.01062011718750000
-0.01019287109375000
-0.01116943359375000
-0.01104736328125000
-0.01190185546875000
-0.01184082031250000
-0.01232910156250000
-0.01245117187500000
-0.01263427734375000
-0.01318359375000000
-0.01318359375000000
-0.01403808593750000
-0.01354980468750000
-0.01428222656250000
-0.01348876953125000
-0.01409912109375000
-0.01300048828125000
-0.01330566406250000
-0.01165771484375000
-0.01104736328125000
-0.00775146484375000
-0.00457763671875000
0.00109863281250000
0.00567626953125000
0.01104736328125000
0.01507568359375000
0.01898193359375000
0.02227783203125000
0.02551269531250000
0.02960205078125000
0.03381347656250000
0.03961181640625000
0.04467773437500000
0.05194091796875000
0.05786132812500000
0.06591796875000000
0.07189941406250000
0.07891845703125000
0.08325195312500000
0.08850097656250000
0.09179687500000000
0.09619140625000000
0.09930419921875000
0.10327148437500000
0.10681152343750000
0.11047363281250000
0.11340332031250000
0.11572265625000000
0.11712646484375000
0.11755371093750000
0.11749267578125000
0.11627197265625000
0.11621093750000000
0.11523437500000000
0.11627197265625000
0.11621093750000000
0.11743164062500000
0.11669921875000000
0.11639404296875000
0.11376953125000000
0.11175537109375000
0.10766601562500000
0.10473632812500000
0.10052490234375000
0.09820556640625000
0.09558105468750000
0.09417724609375000
0.09265136718750000
0.09094238281250000
0.08923339843750000
0.08624267578125000
0.08282470703125000
0.07781982421875000
0.07330322265625000
0.06756591796875000
0.06372070312500000
0.05865478515625000
0.05603027343750000
0.05181884765625000
0.04986572265625000
0.04638671875000000
0.04443359375000000
0.04083251953125000
0.03802490234375000
0.03369140625000000
0.02978515625000000
0.02526855468750000
0.02124023437500000
0.01745605468750000
0.01361083984375000
0.01049804687500000
0.00671386718750000
0.00408935546875000
0.00036621093750000
-0.00189208984375000
-0.00579833984375000
-0.00793457031250000
-0.01214599609375000
-0.01477050781250000
-0.01922607421875000
-0.02209472656250000
-0.02587890625000000
-0.02819824218750000
-0.03161621093750000
-0.03399658203125000
-0.03735351562500000
-0.04010009765625000
-0.04284667968750000
-0.04571533203125000
-0.04827880859375000
-0.05163574218750000
-0.05419921875000000
-0.05761718750000000
-0.05932617187500000
-0.06195068359375000
-0.06243896484375000
-0.06439208984375000
-0.06457519531250000
-0.06646728515625000
-0.06695556640625000
-0.06915283203125000
-0.07006835937500000
-0.07220458984375000
-0.07312011718750000
-0.07452392578125000
-0.07495117187500000
-0.07501220703125000
-0.07421875000000000
-0.07269287109375000
-0.07098388671875000
-0.06872558593750000
-0.06713867187500000
-0.06481933593750000
-0.06402587890625000
-0.06207275390625000
-0.06170654296875000
-0.05981445312500000
-0.05920410156250000
-0.05651855468750000
-0.05474853515625000
-0.05084228515625000
-0.04815673828125000
-0.04406738281250000
-0.04162597656250000
-0.03857421875000000
-0.03680419921875000
-0.03448486328125000
-0.03253173828125000
-0.03039550781250000
-0.02795410156250000
-0.02593994140625000
-0.02282714843750000
-0.02093505859375000
-0.01770019531250000
-0.01623535156250000
-0.01336669921875000
-0.01245117187500000
-0.01013183593750000
-0.00982666015625000
-0.00805664062500000
-0.00781250000000000
-0.00592041015625000
-0.00518798828125000
-0.00317382812500000
-0.00213623046875000
-0.00048828125000000
0.00036621093750000
0.00103759765625000
0.00128173828125000
0.00097656250000000
0.00103759765625000
0.00018310546875000
0.00061035156250000
0.00012207031250000
0.00134277343750000
0.00128173828125000
0.00299072265625000
0.00286865234375000
0.00433349609375000
0.00372314453125000
0.00433349609375000
0.00317382812500000
0.00299072265625000
0.00164794921875000
0.00134277343750000
0.00061035156250000
0.00085449218750000
0.00097656250000000
0.00122070312500000
0.00189208984375000
0.00189208984375000
0.00244140625000000
0.00164794921875000
0.00164794921875000
-0.00012207031250000
-0.00036621093750000
-0.00231933593750000
-0.00244140625000000
-0.00402832031250000
-0.00372314453125000
-0.00500488281250000
-0.00488281250000000
-0.00640869140625000
-0.00714111328125000
-0.00915527343750000
-0.01062011718750000
-0.01269531250000000
-0.01452636718750000
-0.01605224609375000
-0.01751708984375000
-0.01800537109375000
-0.01898193359375000
-0.01904296875000000
-0.02075195312500000
-0.02142333984375000
-0.02423095703125000
-0.02557373046875000
-0.02850341796875000
-0.02954101562500000
-0.03179931640625000
-0.03204345703125000
-0.03350830078125000
-0.03344726562500000
-0.03430175781250000
-0.03393554687500000
-0.03424072265625000
-0.03417968750000000
-0.03460693359375000
-0.03552246093750000
-0.03631591796875000
-0.03765869140625000
-0.03802490234375000
-0.03881835937500000
-0.03771972656250000
-0.03735351562500000
-0.03515625000000000
-0.03466796875000000
-0.03283691406250000
-0.03320312500000000
-0.03198242187500000
-0.03253173828125000
-0.03149414062500000
-0.03161621093750000
-0.03039550781250000
-0.02966308593750000
-0.02819824218750000
-0.02703857421875000
-0.02557373046875000
-0.02423095703125000
-0.02319335937500000
-0.02185058593750000
-0.02172851562500000
-0.02062988281250000
-0.02099609375000000
-0.01965332031250000
-0.01953125000000000
-0.01770019531250000
-0.01721191406250000
-0.01519775390625000
-0.01495361328125000
-0.01348876953125000
-0.01416015625000000
-0.01361083984375000
-0.01428222656250000
-0.01379394531250000
-0.01354980468750000
-0.01269531250000000
-0.01196289062500000
-0.01147460937500000
-0.01074218750000000
-0.01068115234375000
-0.00982666015625000
-0.01013183593750000
-0.00933837890625000
-0.01019287109375000
-0.00964355468750000
-0.01074218750000000
-0.00982666015625000
-0.01049804687500000
-0.00921630859375000
-0.00970458984375000
-0.00903320312500000
-0.00976562500000000
-0.00952148437500000
-0.01025390625000000
-0.01019287109375000
-0.01062011718750000
-0.01068115234375000
-0.01086425781250000
-0.01135253906250000
-0.01110839843750000
-0.01190185546875000
-0.01171875000000000
-0.01293945312500000
-0.01275634765625000
-0.01416015625000000
-0.01385498046875000
-0.01513671875000000
-0.01483154296875000
-0.01641845703125000
-0.01647949218750000
-0.01788330078125000
-0.01763916015625000
-0.01843261718750000
-0.01831054687500000
-0.01940917968750000
-0.02020263671875000
-0.02124023437500000
-0.02209472656250000
-0.02203369140625000
-0.02258300781250000
-0.02239990234375000
-0.02368164062500000
-0.02386474609375000
-0.02514648437500000
-0.02465820312500000
-0.02551269531250000
-0.02453613281250000
-0.02557373046875000
-0.02508544921875000
-0.02624511718750000
-0.02581787109375000
-0.02667236328125000
-0.02642822265625000
-0.02722167968750000
-0.02722167968750000
-0.02752685546875000
-0.02728271484375000
-0.02661132812500000
-0.02636718750000000
-0.02587890625000000
-0.02624511718750000
-0.02551269531250000
-0.02600097656250000
-0.02502441406250000
-0.02563476562500000
-0.02459716796875000
-0.02551269531250000
-0.02484130859375000
-0.02593994140625000
-0.02551269531250000
-0.02618408203125000
-0.02508544921875000
-0.02459716796875000
-0.02307128906250000
-0.02325439453125000
-0.02386474609375000
-0.02539062500000000
-0.02746582031250000
-0.02880859375000000
-0.02966308593750000
-0.02825927734375000
-0.02679443359375000
-0.02416992187500000
-0.02398681640625000
-0.02349853515625000
-0.02575683593750000
-0.02606201171875000
-0.02679443359375000
-0.02508544921875000
-0.02514648437500000
-0.02404785156250000
-0.02447509765625000
-0.02349853515625000
-0.02301025390625000
-0.02136230468750000
-0.01971435546875000
-0.01812744140625000
-0.01721191406250000
-0.01733398437500000
-0.01745605468750000
-0.01861572265625000
-0.01849365234375000
-0.01892089843750000
-0.01733398437500000
-0.01702880859375000
-0.01464843750000000
-0.01373291015625000
-0.01110839843750000
-0.01110839843750000
-0.01037597656250000
-0.01159667968750000
-0.01165771484375000
-0.01239013671875000
-0.01123046875000000
-0.01031494140625000
-0.00915527343750000
-0.00866699218750000
-0.00866699218750000
-0.00866699218750000
-0.00976562500000000
-0.00988769531250000
-0.01019287109375000
-0.00848388671875000
-0.00799560546875000
-0.00628662109375000
-0.00695800781250000
-0.00634765625000000
-0.00787353515625000
-0.00793457031250000
-0.00921630859375000
-0.00848388671875000
-0.00836181640625000
-0.00610351562500000
-0.00469970703125000
-0.00354003906250000
-0.00433349609375000
-0.00561523437500000
-0.00659179687500000
-0.00738525390625000
-0.00689697265625000
-0.00640869140625000
-0.00427246093750000
-0.00421142578125000
-0.00384521484375000
-0.00622558593750000
-0.00762939453125000
-0.01007080078125000
-0.00958251953125000
-0.00927734375000000
-0.00720214843750000
-0.00775146484375000
-0.00775146484375000
-0.00927734375000000
-0.00970458984375000
-0.01092529296875000
-0.01141357421875000
-0.01159667968750000
-0.01159667968750000
-0.01104736328125000
-0.01092529296875000
-0.01037597656250000
-0.01202392578125000
-0.01330566406250000
-0.01593017578125000
-0.01599121093750000
-0.01690673828125000
-0.01507568359375000
-0.01464843750000000
-0.01342773437500000
-0.01544189453125000
-0.01672363281250000
-0.01916503906250000
-0.01971435546875000
-0.02075195312500000
-0.02087402343750000
-0.02111816406250000
-0.02105712890625000
-0.02117919921875000
-0.02191162109375000
-0.02258300781250000
-0.02484130859375000
-0.02551269531250000
-0.02600097656250000
-0.02423095703125000
-0.02392578125000000
-0.02294921875000000
-0.02398681640625000
-0.02301025390625000
-0.02343750000000000
-0.02130126953125000
-0.01965332031250000
-0.01635742187500000
-0.01385498046875000
-0.00952148437500000
-0.00500488281250000
0.00048828125000000
0.00524902343750000
0.00964355468750000
0.01452636718750000
0.01873779296875000
0.02398681640625000
0.02850341796875000
0.03497314453125000
0.03991699218750000
0.04711914062500000
0.05279541015625000
0.06030273437500000
0.06610107421875000
0.07336425781250000
0.07891845703125000
0.08563232421875000
0.09033203125000000
0.09570312500000000
0.09997558593750000
0.10424804687500000
0.10803222656250000
0.11218261718750000
0.11730957031250000
0.12139892578125000
0.12561035156250000
0.12805175781250000
0.13110351562500000
0.13262939453125000
0.13494873046875000
0.13562011718750000
0.13714599609375000
0.13647460937500000
0.13745117187500000
0.13751220703125000
0.13916015625000000
0.13903808593750000
0.13916015625000000
0.13751220703125000
0.13586425781250000
0.13275146484375000
0.13043212890625000
0.12799072265625000
0.12579345703125000
0.12347412109375000
0.12042236328125000
0.11761474609375000
0.11340332031250000
0.11029052734375000
0.10601806640625000
0.10278320312500000
0.09783935546875000
0.09405517578125000
0.08819580078125000
0.08410644531250000
0.07855224609375000
0.07525634765625000
0.07043457031250000
0.06677246093750000
0.06201171875000000
0.05816650390625000
0.05364990234375000
0.04931640625000000
0.04522705078125000
0.04083251953125000
0.03649902343750000
0.03149414062500000
0.02740478515625000
0.02239990234375000
0.01879882812500000
0.01324462890625000
0.00952148437500000
0.00402832031250000
0.00061035156250000
-0.00415039062500000
-0.00616455078125000
-0.00952148437500000
-0.01251220703125000
-0.01763916015625000
-0.02154541015625000
-0.02563476562500000
-0.02972412109375000
-0.03405761718750000
-0.03820800781250000
-0.04150390625000000
-0.04522705078125000
-0.04766845703125000
-0.05126953125000000
-0.05346679687500000
-0.05664062500000000
-0.05841064453125000
-0.06262207031250000
-0.06549072265625000
-0.06939697265625000
-0.07073974609375000
-0.07305908203125000
-0.07403564453125000
-0.07653808593750000
-0.07788085937500000
-0.07958984375000000
-0.08056640625000000
-0.08203125000000000
-0.08312988281250000
-0.08367919921875000
-0.08453369140625000
-0.08447265625000000
-0.08410644531250000
-0.08251953125000000
-0.08190917968750000
-0.07928466796875000
-0.07775878906250000
-0.07543945312500000
-0.07531738281250000
-0.07324218750000000
-0.07257080078125000
-0.07067871093750000
-0.06994628906250000
-0.06713867187500000
-0.06512451171875000
-0.06213378906250000
-0.06005859375000000
-0.05694580078125000
-0.05407714843750000
-0.05133056640625000
-0.04840087890625000
-0.04675292968750000
-0.04412841796875000
-0.04174804687500000
-0.03790283203125000
-0.03564453125000000
-0.03247070312500000
-0.03149414062500000
-0.02880859375000000
-0.02740478515625000
-0.02416992187500000
-0.02325439453125000
-0.02081298828125000
-0.01947021484375000
-0.01702880859375000
-0.01599121093750000
-0.01495361328125000
-0.01428222656250000
-0.01287841796875000
-0.01177978515625000
-0.01104736328125000
-0.00964355468750000
-0.00891113281250000
-0.00689697265625000
-0.00665283203125000
-0.00604248046875000
-0.00708007812500000
-0.00598144531250000
-0.00659179687500000
-0.00537109375000000
-0.00567626953125000
-0.00463867187500000
-0.00500488281250000
-0.00372314453125000
-0.00433349609375000
-0.00396728515625000
-0.00396728515625000
-0.00372314453125000
-0.00378417968750000
-0.00408935546875000
-0.00415039062500000
-0.00451660156250000
-0.00439453125000000
-0.00524902343750000
-0.00433349609375000
-0.00512695312500000
-0.00476074218750000
-0.00585937500000000
-0.00543212890625000
-0.00677490234375000
-0.00579833984375000
-0.00640869140625000
-0.00622558593750000
-0.00738525390625000
-0.00762939453125000
-0.00891113281250000
-0.00860595703125000
-0.00848388671875000
-0.00848388671875000
-0.00872802734375000
-0.01031494140625000
-0.01165771484375000
-0.01348876953125000
-0.01440429687500000
-0.01635742187500000
-0.01593017578125000
-0.01684570312500000
-0.01666259765625000
-0.01843261718750000
-0.01873779296875000
-0.02093505859375000
-0.02154541015625000
-0.02392578125000000
-0.02490234375000000
-0.02703857421875000
-0.02838134765625000
-0.02966308593750000
-0.02978515625000000
-0.03057861328125000
-0.03100585937500000
-0.03112792968750000
-0.03277587890625000
-0.03393554687500000
-0.03546142578125000
-0.03552246093750000
-0.03686523437500000
-0.03619384765625000
-0.03790283203125000
-0.03820800781250000
-0.03948974609375000
-0.03863525390625000
-0.03887939453125000
-0.03741455078125000
-0.03826904296875000
-0.03881835937500000
-0.03991699218750000
-0.03985595703125000
-0.03991699218750000
-0.03948974609375000
-0.03912353515625000
-0.03894042968750000
-0.03887939453125000
-0.04010009765625000
-0.03930664062500000
-0.03936767578125000
-0.03857421875000000
-0.03930664062500000
-0.03869628906250000
-0.04046630859375000
-0.03979492187500000
-0.04022216796875000
-0.03930664062500000
-0.03948974609375000
-0.03839111328125000
-0.03930664062500000
-0.03924560546875000
-0.03979492187500000
-0.04046630859375000
-0.04058837890625000
-0.03979492187500000
-0.03924560546875000
-0.03991699218750000
-0.03985595703125000
-0.04083251953125000
-0.04071044921875000
-0.04223632812500000
-0.04199218750000000
-0.04327392578125000
-0.04339599609375000
-0.04479980468750000
-0.04302978515625000
-0.04302978515625000
-0.04187011718750000
-0.04174804687500000
-0.04113769531250000
-0.04193115234375000
-0.04162597656250000
-0.04211425781250000
-0.04290771484375000
-0.04327392578125000
-0.04388427734375000
-0.04315185546875000
-0.04241943359375000
-0.04101562500000000
-0.04064941406250000
-0.03881835937500000
-0.03936767578125000
-0.03912353515625000
-0.04095458984375000
-0.04052734375000000
-0.04095458984375000
-0.03979492187500000
-0.04010009765625000
-0.03857421875000000
-0.03759765625000000
-0.03588867187500000
-0.03533935546875000
-0.03448486328125000
-0.03454589843750000
-0.03454589843750000
-0.03430175781250000
-0.03424072265625000
-0.03228759765625000
-0.03155517578125000
-0.02990722656250000
-0.02978515625000000
-0.02795410156250000
-0.02795410156250000
-0.02709960937500000
-0.02770996093750000
-0.02581787109375000
-0.02514648437500000
-0.02368164062500000
-0.02404785156250000
-0.02288818359375000
-0.02221679687500000
-0.02099609375000000
-0.02099609375000000
-0.02148437500000000
-0.02191162109375000
-0.02185058593750000
-0.01983642578125000
-0.01818847656250000
-0.01660156250000000
-0.01672363281250000
-0.01544189453125000
-0.01696777343750000
-0.01702880859375000
-0.01831054687500000
-0.01751708984375000
-0.01702880859375000
-0.01483154296875000
-0.01586914062500000
-0.01586914062500000
-0.01605224609375000
-0.01452636718750000
-0.01397705078125000
-0.01373291015625000
-0.01403808593750000
-0.01440429687500000
-0.01501464843750000
-0.01617431640625000
-0.01580810546875000
-0.01611328125000000
-0.01525878906250000
-0.01531982421875000
-0.01416015625000000
-0.01489257812500000
-0.01318359375000000
-0.01361083984375000
-0.01287841796875000
-0.01379394531250000
-0.01391601562500000
-0.01605224609375000
-0.01654052734375000
-0.01788330078125000
-0.01745605468750000
-0.01574707031250000
-0.01440429687500000
-0.01422119140625000
-0.01440429687500000
-0.01422119140625000
-0.01464843750000000
-0.01409912109375000
-0.01525878906250000
-0.01470947265625000
-0.01507568359375000
-0.01428222656250000
-0.01519775390625000
-0.01397705078125000
-0.01440429687500000
-0.01324462890625000
-0.01403808593750000
-0.01397705078125000
-0.01489257812500000
-0.01495361328125000
-0.01593017578125000
-0.01593017578125000
-0.01660156250000000
-0.01794433593750000
-0.01727294921875000
-0.01568603515625000
-0.01483154296875000
-0.01593017578125000
-0.01452636718750000
-0.01477050781250000
-0.01440429687500000
-0.01623535156250000
-0.01605224609375000
-0.01647949218750000
-0.01538085937500000
-0.01635742187500000
-0.01501464843750000
-0.01452636718750000
-0.01361083984375000
-0.01416015625000000
-0.01354980468750000
-0.01318359375000000
-0.01263427734375000
-0.01232910156250000
-0.01226806640625000
-0.01153564453125000
-0.01232910156250000
-0.01177978515625000
-0.01086425781250000
-0.00830078125000000
-0.00799560546875000
-0.00573730468750000
-0.00592041015625000
-0.00549316406250000
-0.00628662109375000
-0.00561523437500000
-0.00726318359375000
-0.00671386718750000
-0.00579833984375000
-0.00384521484375000
-0.00268554687500000
-0.00097656250000000
-0.00061035156250000
-0.00091552734375000
-0.00103759765625000
-0.00219726562500000
-0.00299072265625000
-0.00451660156250000
-0.00280761718750000
-0.00030517578125000
0.00329589843750000
0.00421142578125000
0.00677490234375000
0.00579833984375000
0.00482177734375000
0.00250244140625000
0.00225830078125000
0.00213623046875000
0.00384521484375000
0.00323486328125000
0.00299072265625000
0.00335693359375000
0.00323486328125000
0.00164794921875000
0.00006103515625000
-0.00085449218750000
-0.00262451171875000
-0.00262451171875000
-0.00433349609375000
-0.00439453125000000
-0.00494384765625000
-0.00439453125000000
-0.00695800781250000
-0.00872802734375000
-0.01245117187500000
-0.01287841796875000
-0.01367187500000000
-0.01354980468750000
-0.01416015625000000
-0.01361083984375000
-0.01318359375000000
-0.01049804687500000
-0.00708007812500000
-0.00317382812500000
0.00256347656250000
0.00775146484375000
0.01141357421875000
0.01251220703125000
0.01464843750000000
0.01513671875000000
0.01800537109375000
0.01995849609375000
0.02526855468750000
0.03088378906250000
0.03894042968750000
0.04498291015625000
0.05255126953125000
0.05816650390625000
0.06365966796875000
0.06744384765625000
0.07067871093750000
0.07330322265625000
0.07714843750000000
0.08129882812500000
0.08483886718750000
0.08984375000000000
0.09417724609375000
0.09991455078125000
0.10339355468750000
0.10711669921875000
0.10894775390625000
0.11163330078125000
0.11138916015625000
0.11175537109375000
0.11126708984375000
0.11248779296875000
0.11224365234375000
0.11407470703125000
0.11566162109375000
0.11840820312500000
0.11962890625000000
0.11865234375000000
0.11596679687500000
0.11260986328125000
0.10833740234375000
0.10455322265625000
0.10156250000000000
0.09820556640625000
0.09747314453125000
0.09594726562500000
0.09619140625000000
0.09460449218750000
0.09399414062500000
0.09136962890625000
0.08892822265625000
0.08337402343750000
0.07867431640625000
0.07238769531250000
0.06848144531250000
0.06457519531250000
0.06250000000000000
0.06030273437500000
0.05914306640625000
0.05798339843750000
0.05541992187500000
0.05352783203125000
0.05072021484375000
0.04803466796875000
0.04339599609375000
0.03912353515625000
0.03344726562500000
0.03045654296875000
0.02624511718750000
0.02453613281250000
0.02185058593750000
0.02160644531250000
0.01910400390625000
0.01629638671875000
0.01153564453125000
0.00860595703125000
0.00494384765625000
0.00061035156250000
-0.00384521484375000
-0.00817871093750000
-0.01239013671875000
-0.01641845703125000
-0.01837158203125000
-0.02124023437500000
-0.02294921875000000
-0.02630615234375000
-0.02917480468750000
-0.03497314453125000
-0.03942871093750000
-0.04553222656250000
-0.04974365234375000
-0.05438232421875000
-0.05578613281250000
-0.05731201171875000
-0.05731201171875000
-0.05792236328125000
-0.05792236328125000
-0.06048583984375000
-0.06420898437500000
-0.06762695312500000
-0.07220458984375000
-0.07556152343750000
-0.07812500000000000
-0.07861328125000000
-0.08007812500000000
-0.07922363281250000
-0.07806396484375000
-0.07556152343750000
-0.07501220703125000
-0.07226562500000000
-0.07043457031250000
-0.06774902343750000
-0.06896972656250000
-0.06951904296875000
-0.07110595703125000
-0.07104492187500000
-0.07025146484375000
-0.06854248046875000
-0.06604003906250000
-0.06158447265625000
-0.05688476562500000
-0.05297851562500000
-0.04943847656250000
-0.04815673828125000
-0.04571533203125000
-0.04541015625000000
-0.04449462890625000
-0.04510498046875000
-0.04309082031250000
-0.04150390625000000
-0.03790283203125000
-0.03601074218750000
-0.03234863281250000
-0.03039550781250000
-0.02838134765625000
-0.02825927734375000
-0.02783203125000000
-0.02880859375000000
-0.02978515625000000
-0.03009033203125000
-0.03057861328125000
-0.02972412109375000
-0.02832031250000000
-0.02551269531250000
-0.02484130859375000
-0.02392578125000000
-0.02490234375000000
-0.02398681640625000
-0.02593994140625000
-0.02746582031250000
-0.02954101562500000
-0.02899169921875000
-0.03033447265625000
-0.03021240234375000
-0.03033447265625000
-0.02874755859375000
-0.02777099609375000
-0.02661132812500000
-0.02642822265625000
-0.02740478515625000
-0.02819824218750000
-0.02899169921875000
-0.02911376953125000
-0.03100585937500000
-0.03033447265625000
-0.03009033203125000
-0.02996826171875000
-0.03106689453125000
-0.02819824218750000
-0.02703857421875000
-0.02551269531250000
-0.02563476562500000
-0.02459716796875000
-0.02636718750000000
-0.02679443359375000
-0.02734375000000000
-0.02746582031250000
-0.02905273437500000
-0.02911376953125000
-0.02606201171875000
-0.02410888671875000
-0.02447509765625000
-0.02600097656250000
-0.02606201171875000
-0.02832031250000000
-0.02960205078125000
-0.03143310546875000
-0.03094482421875000
-0.03216552734375000
-0.03210449218750000
-0.03399658203125000
-0.03393554687500000
-0.03552246093750000
-0.03607177734375000
-0.03765869140625000
-0.03875732421875000
-0.04083251953125000
-0.04217529296875000
-0.04345703125000000
-0.04498291015625000
-0.04632568359375000
-0.04742431640625000
-0.04608154296875000
-0.04571533203125000
-0.04547119140625000
-0.04730224609375000
-0.04724121093750000
-0.04888916015625000
-0.04913330078125000
-0.05133056640625000
-0.05187988281250000
-0.05303955078125000
-0.05157470703125000
-0.05212402343750000
-0.05279541015625000
-0.05383300781250000
-0.05334472656250000
-0.05389404296875000
-0.05487060546875000
-0.05456542968750000
-0.05383300781250000
-0.05346679687500000
-0.05371093750000000
-0.05267333984375000
-0.05432128906250000
-0.05487060546875000
-0.05505371093750000
-0.05273437500000000
-0.05334472656250000
-0.05322265625000000
-0.05401611328125000
-0.05224609375000000
-0.05206298828125000
-0.05047607421875000
-0.04998779296875000
-0.04937744140625000
-0.04968261718750000
-0.04864501953125000
-0.04785156250000000
-0.04754638671875000
-0.04669189453125000
-0.04632568359375000
-0.04534912109375000
-0.04498291015625000
-0.04345703125000000
-0.04418945312500000
-0.04321289062500000
-0.04321289062500000
-0.04119873046875000
-0.04199218750000000
-0.04199218750000000
-0.04241943359375000
-0.04089355468750000
-0.04150390625000000
-0.04095458984375000
-0.04071044921875000
-0.03985595703125000
-0.03955078125000000
-0.03796386718750000
-0.03625488281250000
-0.03540039062500000
-0.03503417968750000
-0.03649902343750000
-0.03643798828125000
-0.03735351562500000
-0.03637695312500000
-0.03613281250000000
-0.03387451171875000
-0.03369140625000000
-0.03277587890625000
-0.03363037109375000
-0.03173828125000000
-0.03112792968750000
-0.03021240234375000
-0.03137207031250000
-0.03137207031250000
-0.03234863281250000
-0.03161621093750000
-0.02929687500000000
-0.02758789062500000
-0.02673339843750000
-0.02636718750000000
-0.02459716796875000
-0.02453613281250000
-0.02465820312500000
-0.02630615234375000
-0.02514648437500000
-0.02459716796875000
-0.02221679687500000
-0.02282714843750000
-0.02294921875000000
-0.02410888671875000
-0.02233886718750000
-0.02239990234375000
-0.02203369140625000
-0.02227783203125000
-0.02148437500000000
-0.02221679687500000
-0.02362060546875000
-0.02557373046875000
-0.02716064453125000
-0.02642822265625000
-0.02539062500000000
-0.02374267578125000
-0.02502441406250000
-0.02630615234375000
-0.02990722656250000
-0.03143310546875000
-0.03350830078125000
-0.03320312500000000
-0.03448486328125000
-0.03332519531250000
-0.03277587890625000
-0.03247070312500000
-0.03552246093750000
-0.03729248046875000
-0.03839111328125000
-0.03875732421875000
-0.03845214843750000
-0.03729248046875000
-0.03656005859375000
-0.03588867187500000
-0.03106689453125000
-0.02551269531250000
-0.02435302734375000
-0.03228759765625000
-0.03839111328125000
-0.04229736328125000
-0.04290771484375000
-0.04364013671875000
-0.04052734375000000
-0.03845214843750000
-0.03576660156250000
-0.03491210937500000
-0.03332519531250000
-0.03405761718750000
-0.03448486328125000
-0.03448486328125000
-0.03485107421875000
-0.03680419921875000
-0.03771972656250000
-0.03399658203125000
-0.02954101562500000
-0.02703857421875000
-0.02868652343750000
-0.02917480468750000
-0.03009033203125000
-0.02764892578125000
-0.02606201171875000
-0.02325439453125000
-0.02319335937500000
-0.02221679687500000
-0.02325439453125000
-0.02404785156250000
-0.02642822265625000
-0.02539062500000000
-0.02197265625000000
-0.01867675781250000
-0.01818847656250000
-0.01800537109375000
-0.01788330078125000
-0.01898193359375000
-0.01745605468750000
-0.01452636718750000
-0.01080322265625000
-0.01226806640625000
-0.01226806640625000
-0.00988769531250000
-0.00567626953125000
-0.00604248046875000
-0.00427246093750000
-0.00225830078125000
-0.00006103515625000
-0.00036621093750000
0.00225830078125000
0.00433349609375000
0.00537109375000000
0.00579833984375000
0.00769042968750000
0.00823974609375000
0.00805664062500000
0.01159667968750000
0.01544189453125000
0.01757812500000000
0.01605224609375000
0.01727294921875000
0.01885986328125000
0.02215576171875000
0.02288818359375000
0.02416992187500000
0.02246093750000000
0.02264404296875000
0.02355957031250000
0.02716064453125000
0.02911376953125000
0.03125000000000000
0.03161621093750000
0.03094482421875000
0.03088378906250000
0.03283691406250000
0.03564453125000000
0.03631591796875000
0.03686523437500000
0.03668212890625000
0.03662109375000000
0.03344726562500000
0.03167724609375000
0.03027343750000000
0.03283691406250000
0.03399658203125000
0.03594970703125000
0.03594970703125000
0.03698730468750000
0.03558349609375000
0.03436279296875000
0.03112792968750000
0.02825927734375000
0.02593994140625000
0.02563476562500000
0.02624511718750000
0.02526855468750000
0.02276611328125000
0.02001953125000000
0.01965332031250000
0.01672363281250000
0.01409912109375000
0.01074218750000000
0.01007080078125000
0.00775146484375000
0.00671386718750000
0.00512695312500000
0.00805664062500000
0.01220703125000000
0.02026367187500000
0.02728271484375000
0.03411865234375000
0.03900146484375000
0.04302978515625000
0.04516601562500000
0.04455566406250000
0.04199218750000000
0.04058837890625000
0.04534912109375000
0.05340576171875000
0.06414794921875000
0.07226562500000000
0.08459472656250000
0.09558105468750000
0.10363769531250000
0.10498046875000000
0.10461425781250000
0.10308837890625000
0.10473632812500000
0.10650634765625000
0.11224365234375000
0.11956787109375000
0.12921142578125000
0.13977050781250000
0.14562988281250000
0.14715576171875000
0.14569091796875000
0.14270019531250000
0.13885498046875000
0.13507080078125000
0.13232421875000000
0.13452148437500000
0.13677978515625000
0.14331054687500000
0.14752197265625000
0.15032958984375000
0.15148925781250000
0.15057373046875000
0.14447021484375000
0.13543701171875000
0.12402343750000000
0.11743164062500000
0.11077880859375000
0.10791015625000000
0.10870361328125000
0.11236572265625000
0.11834716796875000
0.12023925781250000
0.11975097656250000
0.11614990234375000
0.10852050781250000
0.09692382812500000
0.08514404296875000
0.07354736328125000
0.06866455078125000
0.06463623046875000
0.06518554687500000
0.06530761718750000
0.06561279296875000
0.06311035156250000
0.06134033203125000
0.05798339843750000
0.05236816406250000
0.04229736328125000
0.03167724609375000
0.02221679687500000
0.01397705078125000
0.00799560546875000
0.00427246093750000
0.00372314453125000
0.00128173828125000
-0.00061035156250000
-0.00549316406250000
-0.00970458984375000
-0.01776123046875000
-0.02587890625000000
-0.03625488281250000
-0.04486083984375000
-0.05377197265625000
-0.05773925781250000
-0.06079101562500000
-0.06304931640625000
-0.06512451171875000
-0.06695556640625000
-0.07177734375000000
-0.07934570312500000
-0.08764648437500000
-0.09667968750000000
-0.10205078125000000
-0.10803222656250000
-0.11193847656250000
-0.11560058593750000
-0.11651611328125000
-0.11560058593750000
-0.11260986328125000
-0.11346435546875000
-0.11419677734375000
-0.11804199218750000
-0.12054443359375000
-0.12518310546875000
-0.13195800781250000
-0.13653564453125000
-0.13458251953125000
-0.13220214843750000
-0.13128662109375000
-0.12774658203125000
-0.12139892578125000
-0.11639404296875000
-0.11248779296875000
-0.10833740234375000
-0.10803222656250000
-0.10827636718750000
-0.10998535156250000
-0.10845947265625000
-0.10803222656250000
-0.10473632812500000
-0.09887695312500000
-0.09045410156250000
-0.08544921875000000
-0.07897949218750000
-0.07354736328125000
-0.06829833984375000
-0.06701660156250000
-0.06622314453125000
-0.06555175781250000
-0.06439208984375000
-0.06079101562500000
-0.05523681640625000
-0.04730224609375000
-0.04144287109375000
-0.03594970703125000
-0.03149414062500000
-0.02655029296875000
-0.02563476562500000
-0.02313232421875000
-0.02343750000000000
-0.02459716796875000
-0.02758789062500000
-0.02508544921875000
-0.02191162109375000
-0.01690673828125000
-0.01025390625000000
-0.00274658203125000
0.00170898437500000
0.00463867187500000
0.00579833984375000
0.00469970703125000
0.00354003906250000
0.00134277343750000
-0.00012207031250000
-0.00164794921875000
0.00152587890625000
0.00469970703125000
0.00970458984375000
0.01336669921875000
0.01776123046875000
0.01928710937500000
0.01922607421875000
0.01483154296875000
0.01409912109375000
0.01397705078125000
0.01391601562500000
0.01336669921875000
0.01458740234375000
0.01654052734375000
0.01818847656250000
0.01953125000000000
0.02099609375000000
0.02105712890625000
0.01702880859375000
0.01507568359375000
0.01165771484375000
0.00952148437500000
0.00714111328125000
0.00738525390625000
0.00659179687500000
0.00695800781250000
0.00469970703125000
0.00396728515625000
0.00225830078125000
0.00067138671875000
-0.00500488281250000
-0.01147460937500000
-0.01690673828125000
-0.02148437500000000
-0.02679443359375000
-0.02984619140625000
-0.02832031250000000
-0.02844238281250000
-0.02929687500000000
-0.03143310546875000
-0.03387451171875000
-0.04058837890625000
-0.04589843750000000
-0.05267333984375000
-0.05657958984375000
-0.05987548828125000
-0.05999755859375000
-0.06018066406250000
-0.05889892578125000
-0.05975341796875000
-0.05987548828125000
-0.06134033203125000
-0.06347656250000000
-0.06665039062500000
-0.06976318359375000
-0.07092285156250000
-0.07208251953125000
-0.07220458984375000
-0.07189941406250000
-0.06958007812500000
-0.06854248046875000
-0.06701660156250000
-0.06884765625000000
-0.06958007812500000
-0.07244873046875000
-0.07391357421875000
-0.07672119140625000
-0.07720947265625000
-0.07684326171875000
-0.07446289062500000
-0.07232666015625000
-0.06854248046875000
-0.06628417968750000
-0.06451416015625000
-0.06408691406250000
-0.06689453125000000
-0.07025146484375000
-0.07287597656250000
-0.07220458984375000
-0.07293701171875000
-0.07165527343750000
-0.06878662109375000
-0.06408691406250000
-0.06280517578125000
-0.06060791015625000
-0.06011962890625000
-0.05816650390625000
-0.05993652343750000
-0.06109619140625000
-0.06213378906250000
-0.06127929687500000
-0.06024169921875000
-0.05792236328125000
-0.05633544921875000
-0.05548095703125000
-0.05432128906250000
-0.05273437500000000
-0.05133056640625000
-0.05303955078125000
-0.05328369140625000
-0.05291748046875000
-0.04992675781250000
-0.04956054687500000
-0.04840087890625000
-0.04870605468750000
-0.04724121093750000
-0.04577636718750000
-0.04168701171875000
-0.04156494140625000
-0.04235839843750000
-0.04449462890625000
-0.04492187500000000
-0.04351806640625000
-0.04071044921875000
-0.03857421875000000
-0.03924560546875000
-0.03948974609375000
-0.03747558593750000
-0.03399658203125000
-0.03356933593750000
-0.03332519531250000
-0.03613281250000000
-0.03717041015625000
-0.03906250000000000
-0.03881835937500000
-0.03881835937500000
-0.03546142578125000
-0.03454589843750000
-0.03558349609375000
-0.03759765625000000
-0.03594970703125000
-0.03594970703125000
-0.03753662109375000
-0.03796386718750000
-0.03668212890625000
-0.03674316406250000
-0.03851318359375000
-0.03790283203125000
-0.03900146484375000
-0.03955078125000000
-0.03936767578125000
-0.03686523437500000
-0.03790283203125000
-0.03894042968750000
-0.04119873046875000
-0.04028320312500000
-0.04187011718750000
-0.04272460937500000
-0.04229736328125000
-0.03936767578125000
-0.03936767578125000
-0.04052734375000000
-0.04046630859375000
-0.03692626953125000
-0.03436279296875000
-0.03717041015625000
-0.04266357421875000
-0.04583740234375000
-0.04284667968750000
-0.04138183593750000
-0.04046630859375000
-0.03900146484375000
-0.03509521484375000
-0.03460693359375000
-0.03167724609375000
-0.02966308593750000
-0.02813720703125000
-0.02886962890625000
-0.02783203125000000
-0.03002929687500000
-0.02996826171875000
-0.02618408203125000
-0.02160644531250000
-0.02020263671875000
-0.02093505859375000
-0.02130126953125000
-0.02221679687500000
-0.02014160156250000
-0.01367187500000000
-0.00903320312500000
-0.01336669921875000
-0.01208496093750000
-0.00793457031250000
-0.00714111328125000
-0.01049804687500000
-0.00756835937500000
-0.00463867187500000
-0.00543212890625000
-0.00561523437500000
0.00469970703125000
0.00799560546875000
-0.00115966796875000
-0.00769042968750000
-0.00500488281250000
-0.00360107421875000
-0.00689697265625000
-0.00592041015625000
0.00024414062500000
0.00439453125000000
0.00189208984375000
0.00195312500000000
0.00030517578125000
-0.00323486328125000
-0.00524902343750000
0.00006103515625000
-0.00024414062500000
-0.00299072265625000
-0.00213623046875000
-0.00006103515625000
-0.00506591796875000
-0.00677490234375000
-0.00518798828125000
-0.00335693359375000
-0.00134277343750000
0.00122070312500000
0.00427246093750000
0.00659179687500000
0.00836181640625000
0.00640869140625000
0.00427246093750000
0.00122070312500000
-0.00054931640625000
-0.00299072265625000
-0.00103759765625000
-0.00140380859375000
0.00024414062500000
0.00250244140625000
0.00341796875000000
0.00012207031250000
0.00085449218750000
0.00402832031250000
0.00512695312500000
0.00073242187500000
-0.00183105468750000
-0.00158691406250000
-0.00494384765625000
-0.01013183593750000
-0.01098632812500000
-0.00628662109375000
-0.00524902343750000
-0.00384521484375000
-0.00067138671875000
0.00451660156250000
0.00317382812500000
-0.00317382812500000
-0.01281738281250000
-0.01574707031250000
-0.01898193359375000
-0.02038574218750000
-0.01782226562500000
-0.01409912109375000
-0.01428222656250000
-0.01409912109375000
-0.01647949218750000
-0.02130126953125000
-0.02368164062500000
-0.02532958984375000
-0.02703857421875000
-0.02966308593750000
-0.02929687500000000
-0.02746582031250000
-0.02362060546875000
-0.02368164062500000
-0.02459716796875000
-0.02990722656250000
-0.03338623046875000
-0.03417968750000000
-0.03430175781250000
-0.03649902343750000
-0.03002929687500000
-0.02069091796875000
-0.01110839843750000
0.00024414062500000
0.01177978515625000
0.02288818359375000
0.03320312500000000
0.03741455078125000
0.03515625000000000
0.03479003906250000
0.03625488281250000
0.04162597656250000
0.04827880859375000
0.06500244140625000
0.07983398437500000
0.09295654296875000
0.10668945312500000
0.12213134765625000
0.13049316406250000
0.13116455078125000
0.12927246093750000
0.13171386718750000
0.13293457031250000
0.13397216796875000
0.13818359375000000
0.14764404296875000
0.16290283203125000
0.17456054687500000
0.18444824218750000
0.18688964843750000
0.18389892578125000
0.18109130859375000
0.17724609375000000
0.17230224609375000
0.17102050781250000
0.16802978515625000
0.17254638671875000
0.17852783203125000
0.18450927734375000
0.18969726562500000
0.19274902343750000
0.19403076171875000
0.19232177734375000
0.18469238281250000
0.17687988281250000
0.17004394531250000
0.16528320312500000
0.15966796875000000
0.15588378906250000
0.15911865234375000
0.16217041015625000
0.16711425781250000
0.16918945312500000
0.16894531250000000
0.16479492187500000
0.15698242187500000
0.14630126953125000
0.13812255859375000
0.12896728515625000
0.12487792968750000
0.12127685546875000
0.12109375000000000
0.12145996093750000
0.12286376953125000
0.12384033203125000
0.12078857421875000
0.11444091796875000
0.10571289062500000
0.09472656250000000
0.08355712890625000
0.07385253906250000
0.06341552734375000
0.05639648437500000
0.05072021484375000
0.04925537109375000
0.04418945312500000
0.04034423828125000
0.03515625000000000
0.03015136718750000
0.01898193359375000
0.00494384765625000
-0.00976562500000000
-0.02111816406250000
-0.03210449218750000
-0.04107666015625000
-0.04577636718750000
-0.04785156250000000
-0.04846191406250000
-0.05151367187500000
-0.05615234375000000
-0.06524658203125000
-0.07434082031250000
-0.08721923828125000
-0.09655761718750000
-0.10437011718750000
-0.10906982421875000
-0.10980224609375000
-0.10614013671875000
-0.10382080078125000
-0.10021972656250000
-0.09918212890625000
-0.09918212890625000
-0.10308837890625000
-0.10894775390625000
-0.11462402343750000
-0.12017822265625000
-0.12255859375000000
-0.12188720703125000
-0.11779785156250000
-0.11108398437500000
-0.10302734375000000
-0.09692382812500000
-0.09094238281250000
-0.08880615234375000
-0.08703613281250000
-0.09045410156250000
-0.09246826171875000
-0.09503173828125000
-0.09606933593750000
-0.09570312500000000
-0.09161376953125000
-0.08593750000000000
-0.07678222656250000
-0.07000732421875000
-0.06512451171875000
-0.06304931640625000
-0.06378173828125000
-0.06518554687500000
-0.06933593750000000
-0.07122802734375000
-0.07147216796875000
-0.06854248046875000
-0.06488037109375000
-0.05786132812500000
-0.05017089843750000
-0.04052734375000000
-0.03692626953125000
-0.03460693359375000
-0.03649902343750000
-0.04003906250000000
-0.04504394531250000
-0.04693603515625000
-0.04620361328125000
-0.04290771484375000
-0.03784179687500000
-0.02978515625000000
-0.02050781250000000
-0.01287841796875000
-0.00579833984375000
-0.00250244140625000
-0.00329589843750000
-0.00836181640625000
-0.01037597656250000
-0.01245117187500000
-0.01214599609375000
-0.01104736328125000
-0.00433349609375000
0.00347900390625000
0.01342773437500000
0.02008056640625000
0.02447509765625000
0.02471923828125000
0.02172851562500000
0.01513671875000000
0.01000976562500000
0.00836181640625000
0.00848388671875000
0.01086425781250000
0.01416015625000000
0.01855468750000000
0.01989746093750000
0.02160644531250000
0.02020263671875000
0.01617431640625000
0.00872802734375000
0.00433349609375000
-0.00067138671875000
-0.00274658203125000
-0.00421142578125000
-0.00286865234375000
-0.00280761718750000
-0.00189208984375000
-0.00177001953125000
-0.00244140625000000
-0.00506591796875000
-0.00964355468750000
-0.01422119140625000
-0.01818847656250000
-0.02130126953125000
-0.02526855468750000
-0.02520751953125000
-0.02404785156250000
-0.02142333984375000
-0.02044677734375000
-0.01818847656250000
-0.02130126953125000
-0.02618408203125000
-0.03204345703125000
-0.03424072265625000
-0.03765869140625000
-0.04034423828125000
-0.04266357421875000
-0.04168701171875000
-0.04083251953125000
-0.04156494140625000
-0.04156494140625000
-0.04223632812500000
-0.04437255859375000
-0.04718017578125000
-0.04931640625000000
-0.05438232421875000
-0.05712890625000000
-0.05908203125000000
-0.05865478515625000
-0.05993652343750000
-0.05914306640625000
-0.05902099609375000
-0.05645751953125000
-0.05749511718750000
-0.06005859375000000
-0.06341552734375000
-0.06579589843750000
-0.06958007812500000
-0.07092285156250000
-0.07086181640625000
-0.07055664062500000
-0.06799316406250000
-0.06604003906250000
-0.06390380859375000
-0.06097412109375000
-0.05957031250000000
-0.06225585937500000
-0.06201171875000000
-0.06549072265625000
-0.06872558593750000
-0.07073974609375000
-0.06915283203125000
-0.06835937500000000
-0.06604003906250000
-0.06445312500000000
-0.06085205078125000
-0.05969238281250000
-0.05932617187500000
-0.05963134765625000
-0.05999755859375000
-0.06213378906250000
-0.06591796875000000
-0.06713867187500000
-0.06774902343750000
-0.06591796875000000
-0.06390380859375000
-0.06097412109375000
-0.05938720703125000
-0.05725097656250000
-0.05908203125000000
-0.05780029296875000
-0.05712890625000000
-0.05737304687500000
-0.06024169921875000
-0.05944824218750000
-0.05828857421875000
-0.05676269531250000
-0.05639648437500000
-0.05444335937500000
-0.05303955078125000
-0.05322265625000000
-0.05328369140625000
-0.05218505859375000
-0.04980468750000000
-0.04992675781250000
-0.04827880859375000
-0.04882812500000000
-0.04992675781250000
-0.05181884765625000
-0.05072021484375000
-0.05010986328125000
-0.04687500000000000
-0.04595947265625000
-0.04425048828125000
-0.04455566406250000
-0.04479980468750000
-0.04675292968750000
-0.04742431640625000
-0.04650878906250000
-0.04559326171875000
-0.04693603515625000
-0.04711914062500000
-0.04467773437500000
-0.04418945312500000
-0.04327392578125000
-0.04406738281250000
-0.04437255859375000
-0.04577636718750000
-0.04492187500000000
-0.04583740234375000
-0.04626464843750000
-0.04858398437500000
-0.04705810546875000
-0.04827880859375000
-0.05163574218750000
-0.05419921875000000
-0.05187988281250000
-0.05023193359375000
-0.04956054687500000
-0.04919433593750000
-0.04937744140625000
-0.04998779296875000
-0.05084228515625000
-0.05017089843750000
-0.05010986328125000
-0.04730224609375000
-0.04620361328125000
-0.04565429687500000
-0.04492187500000000
-0.04077148437500000
-0.04211425781250000
-0.04296875000000000
-0.04187011718750000
-0.03948974609375000
-0.04046630859375000
-0.03833007812500000
-0.03692626953125000
-0.03649902343750000
-0.03631591796875000
-0.03491210937500000
-0.03271484375000000
-0.03228759765625000
-0.03424072265625000
-0.03613281250000000
-0.03350830078125000
-0.03179931640625000
-0.03039550781250000
-0.03125000000000000
-0.03039550781250000
-0.03106689453125000
-0.02893066406250000
-0.02941894531250000
-0.02972412109375000
-0.02844238281250000
-0.02301025390625000
-0.02050781250000000
-0.01776123046875000
-0.01690673828125000
-0.01898193359375000
-0.02148437500000000
-0.02331542968750000
-0.02459716796875000
-0.02172851562500000
-0.01739501953125000
-0.01867675781250000
-0.01739501953125000
-0.01519775390625000
-0.01379394531250000
-0.01519775390625000
-0.01525878906250000
-0.01776123046875000
-0.01727294921875000
-0.01885986328125000
-0.01861572265625000
-0.01617431640625000
-0.01397705078125000
-0.01568603515625000
-0.01501464843750000
-0.01562500000000000
-0.01922607421875000
-0.01806640625000000
-0.01171875000000000
-0.01184082031250000
-0.01684570312500000
-0.01257324218750000
-0.01025390625000000
-0.01403808593750000
-0.01715087890625000
-0.01403808593750000
-0.01123046875000000
-0.00878906250000000
-0.01196289062500000
-0.01202392578125000
-0.01043701171875000
-0.00988769531250000
-0.01385498046875000
-0.01501464843750000
-0.01177978515625000
-0.00537109375000000
-0.00274658203125000
-0.00402832031250000
-0.00341796875000000
-0.00457763671875000
-0.01281738281250000
-0.02252197265625000
-0.02325439453125000
-0.02569580078125000
-0.02655029296875000
-0.02246093750000000
-0.01928710937500000
-0.02429199218750000
-0.02679443359375000
-0.03002929687500000
-0.03063964843750000
-0.03320312500000000
-0.03833007812500000
-0.04162597656250000
-0.03985595703125000
-0.04052734375000000
-0.04150390625000000
-0.03466796875000000
-0.01824951171875000
-0.00067138671875000
0.01214599609375000
0.02703857421875000
0.03955078125000000
0.04492187500000000
0.04425048828125000
0.04766845703125000
0.04748535156250000
0.05004882812500000
0.05981445312500000
0.08178710937500000
0.10064697265625000
0.11920166015625000
0.13861083984375000
0.15570068359375000
0.16949462890625000
0.17401123046875000
0.17407226562500000
0.17407226562500000
0.17199707031250000
0.16992187500000000
0.17150878906250000
0.17999267578125000
0.19982910156250000
0.21185302734375000
0.22332763671875000
0.23229980468750000
0.23284912109375000
0.23132324218750000
0.22332763671875000
0.21270751953125000
0.20648193359375000
0.19616699218750000
0.19848632812500000
0.20599365234375000
0.21228027343750000
0.22271728515625000
0.22857666015625000
0.23052978515625000
0.22900390625000000
0.22009277343750000
0.21051025390625000
0.20135498046875000
0.19195556640625000
0.18249511718750000
0.17419433593750000
0.17639160156250000
0.17913818359375000
0.18743896484375000
0.19488525390625000
0.19934082031250000
0.20031738281250000
0.19366455078125000
0.18157958984375000
0.17010498046875000
0.15466308593750000
0.14343261718750000
0.13507080078125000
0.13262939453125000
0.13348388671875000
0.13360595703125000
0.13592529296875000
0.13323974609375000
0.12548828125000000
0.11505126953125000
0.10229492187500000
0.08538818359375000
0.06854248046875000
0.05175781250000000
0.04400634765625000
0.03558349609375000
0.02911376953125000
0.02520751953125000
0.02246093750000000
0.01354980468750000
0.00439453125000000
-0.00946044921875000
-0.02770996093750000
-0.04394531250000000
-0.05993652343750000
-0.07202148437500000
-0.08111572265625000
-0.08618164062500000
-0.08782958984375000
-0.08685302734375000
-0.09118652343750000
-0.09448242187500000
-0.10278320312500000
-0.11260986328125000
-0.12420654296875000
-0.13476562500000000
-0.14385986328125000
-0.14880371093750000
-0.14874267578125000
-0.14526367187500000
-0.14257812500000000
-0.13745117187500000
-0.13360595703125000
-0.13232421875000000
-0.13311767578125000
-0.13586425781250000
-0.13830566406250000
-0.14294433593750000
-0.14562988281250000
-0.14825439453125000
-0.14672851562500000
-0.14135742187500000
-0.13342285156250000
-0.12542724609375000
-0.11584472656250000
-0.11071777343750000
-0.10620117187500000
-0.10742187500000000
-0.10833740234375000
-0.10772705078125000
-0.10760498046875000
-0.11022949218750000
-0.11053466796875000
-0.10638427734375000
-0.10052490234375000
-0.09387207031250000
-0.08795166015625000
-0.08374023437500000
-0.08172607421875000
-0.07897949218750000
-0.08184814453125000
-0.08380126953125000
-0.08361816406250000
-0.07836914062500000
-0.07098388671875000
-0.06146240234375000
-0.05487060546875000
-0.04443359375000000
-0.03582763671875000
-0.03149414062500000
-0.03173828125000000
-0.03234863281250000
-0.03375244140625000
-0.03576660156250000
-0.03863525390625000
-0.03979492187500000
-0.03021240234375000
-0.01428222656250000
0.00299072265625000
0.01831054687500000
0.03161621093750000
0.03833007812500000
0.04498291015625000
0.04583740234375000
0.04730224609375000
0.04864501953125000
0.05004882812500000
0.05102539062500000
0.05474853515625000
0.05700683593750000
0.06066894531250000
0.06561279296875000
0.07385253906250000
0.08544921875000000
0.08898925781250000
0.08471679687500000
0.07720947265625000
0.06457519531250000
0.04992675781250000
0.03985595703125000
0.02850341796875000
0.01904296875000000
0.01086425781250000
0.00732421875000000
0.00170898437500000
-0.00146484375000000
-0.00750732421875000
-0.01483154296875000
-0.02282714843750000
-0.02813720703125000
-0.03039550781250000
-0.02703857421875000
-0.02239990234375000
-0.01892089843750000
-0.01470947265625000
-0.01251220703125000
-0.01361083984375000
-0.01708984375000000
-0.01867675781250000
-0.02288818359375000
-0.02740478515625000
-0.03161621093750000
-0.02886962890625000
-0.02508544921875000
-0.02008056640625000
-0.01849365234375000
-0.01867675781250000
-0.02349853515625000
-0.02856445312500000
-0.03680419921875000
-0.04479980468750000
-0.05096435546875000
-0.05578613281250000
-0.05938720703125000
-0.06408691406250000
-0.07189941406250000
-0.08264160156250000
-0.08825683593750000
-0.09399414062500000
-0.09960937500000000
-0.10516357421875000
-0.10559082031250000
-0.10211181640625000
-0.09613037109375000
-0.09667968750000000
-0.09863281250000000
-0.10327148437500000
-0.10803222656250000
-0.11212158203125000
-0.11346435546875000
-0.11309814453125000
-0.11016845703125000
-0.10760498046875000
-0.10662841796875000
-0.10467529296875000
-0.09997558593750000
-0.09429931640625000
-0.08789062500000000
-0.07891845703125000
-0.07318115234375000
-0.06854248046875000
-0.06500244140625000
-0.06042480468750000
-0.06280517578125000
-0.06298828125000000
-0.06481933593750000
-0.06866455078125000
-0.07208251953125000
-0.07116699218750000
-0.07000732421875000
-0.06689453125000000
-0.06585693359375000
-0.06591796875000000
-0.06628417968750000
-0.06848144531250000
-0.06945800781250000
-0.07110595703125000
-0.07360839843750000
-0.07751464843750000
-0.07800292968750000
-0.08044433593750000
-0.08331298828125000
-0.08752441406250000
-0.08728027343750000
-0.08715820312500000
-0.08593750000000000
-0.08428955078125000
-0.08013916015625000
-0.07818603515625000
-0.07586669921875000
-0.07696533203125000
-0.07873535156250000
-0.08001708984375000
-0.08203125000000000
-0.08184814453125000
-0.08056640625000000
-0.07910156250000000
-0.07812500000000000
-0.07580566406250000
-0.07531738281250000
-0.07434082031250000
-0.07763671875000000
-0.07928466796875000
-0.08026123046875000
-0.07958984375000000
-0.08172607421875000
-0.08239746093750000
-0.08306884765625000
-0.08044433593750000
-0.07928466796875000
-0.08032226562500000
-0.08349609375000000
-0.08666992187500000
-0.08978271484375000
-0.09222412109375000
-0.09204101562500000
-0.09216308593750000
-0.09045410156250000
-0.08758544921875000
-0.08184814453125000
-0.07818603515625000
-0.07672119140625000
-0.07806396484375000
-0.07635498046875000
-0.07867431640625000
-0.08001708984375000
-0.08038330078125000
-0.07904052734375000
-0.07763671875000000
-0.07568359375000000
-0.07519531250000000
-0.07098388671875000
-0.06628417968750000
-0.06280517578125000
-0.05895996093750000
-0.05603027343750000
-0.05212402343750000
-0.04882812500000000
-0.04595947265625000
-0.04614257812500000
-0.04595947265625000
-0.04858398437500000
-0.04870605468750000
-0.05029296875000000
-0.04907226562500000
-0.04852294921875000
-0.05010986328125000
-0.05426025390625000
-0.05279541015625000
-0.05035400390625000
-0.04882812500000000
-0.04754638671875000
-0.04595947265625000
-0.04620361328125000
-0.04565429687500000
-0.04205322265625000
-0.04217529296875000
-0.04626464843750000
-0.05096435546875000
-0.05145263671875000
-0.05712890625000000
-0.06420898437500000
-0.07019042968750000
-0.07104492187500000
-0.06964111328125000
-0.06451416015625000
-0.06494140625000000
-0.06671142578125000
-0.06683349609375000
-0.06579589843750000
-0.06689453125000000
-0.06359863281250000
-0.06048583984375000
-0.06579589843750000
-0.07586669921875000
-0.08416748046875000
-0.08489990234375000
-0.08190917968750000
-0.07751464843750000
-0.07708740234375000
-0.07958984375000000
-0.08129882812500000
-0.07440185546875000
-0.06799316406250000
-0.06201171875000000
-0.05895996093750000
-0.05755615234375000
-0.06347656250000000
-0.07183837890625000
-0.07824707031250000
-0.07574462890625000
-0.06591796875000000
-0.05682373046875000
-0.05627441406250000
-0.05816650390625000
-0.05169677734375000
-0.04321289062500000
-0.04113769531250000
-0.03887939453125000
-0.02600097656250000
-0.01861572265625000
-0.02117919921875000
-0.03173828125000000
-0.04187011718750000
-0.04724121093750000
-0.03894042968750000
-0.03234863281250000
-0.02990722656250000
-0.02362060546875000
0.01904296875000000
0.07354736328125000
0.12280273437500000
0.17486572265625000
0.21801757812500000
0.26470947265625000
0.29034423828125000
0.30603027343750000
0.31164550781250000
0.31274414062500000
0.32324218750000000
0.32348632812500000
0.31072998046875000
0.32049560546875000
0.34069824218750000
0.37274169921875000
0.40289306640625000
0.40802001953125000
0.41296386718750000
0.40313720703125000
0.40618896484375000
0.40588378906250000
0.38812255859375000
0.37432861328125000
0.34783935546875000
0.32543945312500000
0.29089355468750000
0.26940917968750000
0.26519775390625000
0.26153564453125000
0.25561523437500000
0.23736572265625000
0.22473144531250000
0.21899414062500000
0.21643066406250000
0.20605468750000000
0.19012451171875000
0.17315673828125000
0.16040039062500000
0.14202880859375000
0.12695312500000000
0.11053466796875000
0.09838867187500000
0.08746337890625000
0.07348632812500000
0.05853271484375000
0.04980468750000000
0.04913330078125000
0.04626464843750000
0.04315185546875000
0.03741455078125000
0.03027343750000000
0.01470947265625000
-0.00488281250000000
-0.03015136718750000
-0.05084228515625000
-0.07391357421875000
-0.09588623046875000
-0.12042236328125000
-0.14056396484375000
-0.14672851562500000
-0.15051269531250000
-0.15863037109375000
-0.16674804687500000
-0.16821289062500000
-0.16607666015625000
-0.16448974609375000
-0.16455078125000000
-0.16235351562500000
-0.15185546875000000
-0.13842773437500000
-0.13256835937500000
-0.13183593750000000
-0.12786865234375000
-0.11254882812500000
-0.09771728515625000
-0.08471679687500000
-0.07189941406250000
-0.04876708984375000
-0.02343750000000000
0.00439453125000000
0.02673339843750000
0.05157470703125000
0.08032226562500000
0.09967041015625000
0.11273193359375000
0.12097167968750000
0.13043212890625000
0.13842773437500000
0.14465332031250000
0.14447021484375000
0.14093017578125000
0.13909912109375000
0.14501953125000000
0.14978027343750000
0.15551757812500000
0.16143798828125000
0.16894531250000000
0.17480468750000000
0.17675781250000000
0.17651367187500000
0.17236328125000000
0.16436767578125000
0.15301513671875000
0.13208007812500000
0.11419677734375000
0.09857177734375000
0.08544921875000000
0.07958984375000000
0.07696533203125000
0.08184814453125000
0.08575439453125000
0.08862304687500000
0.08709716796875000
0.08636474609375000
0.08270263671875000
0.07434082031250000
0.05914306640625000
0.04455566406250000
0.02874755859375000
0.01495361328125000
-0.00018310546875000
-0.01251220703125000
-0.02246093750000000
-0.03027343750000000
-0.03747558593750000
-0.04803466796875000
-0.05645751953125000
-0.06488037109375000
-0.07324218750000000
-0.08636474609375000
-0.09802246093750000
-0.11309814453125000
-0.12390136718750000
-0.13372802734375000
-0.14300537109375000
-0.15533447265625000
-0.16625976562500000
-0.17401123046875000
-0.18048095703125000
-0.18560791015625000
-0.19006347656250000
-0.19061279296875000
-0.18737792968750000
-0.18371582031250000
-0.17926025390625000
-0.17419433593750000
-0.16613769531250000
-0.15783691406250000
-0.15087890625000000
-0.14263916015625000
-0.13439941406250000
-0.12426757812500000
-0.11407470703125000
-0.10113525390625000
-0.08898925781250000
-0.07165527343750000
-0.05651855468750000
-0.03979492187500000
-0.02636718750000000
-0.01116943359375000
0.00427246093750000
0.02111816406250000
0.03576660156250000
0.04583740234375000
0.05633544921875000
0.06524658203125000
0.07305908203125000
0.07617187500000000
0.07812500000000000
0.07836914062500000
0.07885742187500000
0.07708740234375000
0.07885742187500000
0.08123779296875000
0.08666992187500000
0.09063720703125000
0.09277343750000000
0.09057617187500000
0.08666992187500000
0.08160400390625000
0.07769775390625000
0.07043457031250000
0.06262207031250000
0.05615234375000000
0.04956054687500000
0.04199218750000000
0.03527832031250000
0.03222656250000000
0.02868652343750000
0.02685546875000000
0.02221679687500000
0.01867675781250000
0.01513671875000000
0.01354980468750000
0.00781250000000000
0.00213623046875000
-0.00762939453125000
-0.01867675781250000
-0.03289794921875000
-0.04559326171875000
-0.05895996093750000
-0.07202148437500000
-0.08178710937500000
-0.08978271484375000
-0.09570312500000000
-0.10015869140625000
-0.10205078125000000
-0.10626220703125000
-0.11157226562500000
-0.12249755859375000
-0.13195800781250000
-0.14099121093750000
-0.14727783203125000
-0.15441894531250000
-0.15869140625000000
-0.16033935546875000
-0.16070556640625000
-0.15899658203125000
-0.15460205078125000
-0.14971923828125000
-0.14202880859375000
-0.13714599609375000
-0.13250732421875000
-0.12774658203125000
-0.12121582031250000
-0.11376953125000000
-0.10778808593750000
-0.10162353515625000
-0.09686279296875000
-0.09136962890625000
-0.08666992187500000
-0.08044433593750000
-0.07720947265625000
-0.07086181640625000
-0.06677246093750000
-0.06225585937500000
-0.05847167968750000
-0.05279541015625000
-0.04968261718750000
-0.04718017578125000
-0.04797363281250000
-0.04876708984375000
-0.05041503906250000
-0.05377197265625000
-0.05706787109375000
-0.06182861328125000
-0.06256103515625000
-0.06085205078125000
-0.06018066406250000
-0.06011962890625000
-0.05444335937500000
-0.04791259765625000
-0.04052734375000000
-0.03802490234375000
-0.03509521484375000
-0.03271484375000000
-0.02899169921875000
-0.02777099609375000
-0.02722167968750000
-0.02850341796875000
-0.02679443359375000
-0.02679443359375000
-0.02966308593750000
-0.03149414062500000
-0.03216552734375000
-0.03125000000000000
-0.03100585937500000
-0.02966308593750000
-0.02886962890625000
-0.02789306640625000
-0.02996826171875000
-0.03143310546875000
-0.03808593750000000
-0.04425048828125000
-0.05218505859375000
-0.05932617187500000
-0.06683349609375000
-0.07049560546875000
-0.07476806640625000
-0.07971191406250000
-0.08483886718750000
-0.08764648437500000
-0.08807373046875000
-0.08721923828125000
-0.08624267578125000
-0.08685302734375000
-0.08819580078125000
-0.08917236328125000
-0.08862304687500000
-0.09295654296875000
-0.09466552734375000
-0.09423828125000000
-0.09429931640625000
-0.10021972656250000
-0.10327148437500000
-0.10540771484375000
-0.10650634765625000
-0.10620117187500000
-0.10125732421875000
-0.10107421875000000
-0.10339355468750000
-0.10272216796875000
-0.10363769531250000
-0.10913085937500000
-0.10992431640625000
-0.10620117187500000
-0.10827636718750000
-0.11218261718750000
-0.11932373046875000
-0.12200927734375000
-0.11212158203125000
-0.09594726562500000
-0.09112548828125000
-0.09497070312500000
-0.09942626953125000
-0.09582519531250000
-0.09124755859375000
-0.08111572265625000
-0.07745361328125000
-0.08587646484375000
-0.09558105468750000
-0.10150146484375000
-0.10827636718750000
-0.10870361328125000
-0.10015869140625000
-0.09289550781250000
-0.09381103515625000
-0.10449218750000000
-0.10943603515625000
-0.10571289062500000
-0.09991455078125000
-0.09729003906250000
-0.09484863281250000
-0.09692382812500000
-0.09967041015625000
-0.10479736328125000
-0.10156250000000000
-0.09448242187500000
-0.09173583984375000
-0.09429931640625000
-0.09912109375000000
-0.10241699218750000
-0.09533691406250000
-0.08813476562500000
-0.07702636718750000
-0.05804443359375000
-0.03601074218750000
-0.01428222656250000
0.01831054687500000
0.07318115234375000
0.11956787109375000
0.17767333984375000
0.22265625000000000
0.27343750000000000
0.31817626953125000
0.34918212890625000
0.37585449218750000
0.37762451171875000
0.38977050781250000
0.39691162109375000
0.40515136718750000
0.41137695312500000
0.40667724609375000
0.39739990234375000
0.39117431640625000
0.39166259765625000
0.39147949218750000
0.38879394531250000
0.37329101562500000
0.36395263671875000
0.34515380859375000
0.32293701171875000
0.29614257812500000
0.26885986328125000
0.24578857421875000
0.20721435546875000
0.17565917968750000
0.15045166015625000
0.14581298828125000
0.13629150390625000
0.12097167968750000
0.10693359375000000
0.10797119140625000
0.12219238281250000
0.12524414062500000
0.12170410156250000
0.11279296875000000
0.10052490234375000
0.09118652343750000
0.08038330078125000
0.06219482421875000
0.04742431640625000
0.03503417968750000
0.02368164062500000
0.00213623046875000
-0.01647949218750000
-0.02795410156250000
-0.03253173828125000
-0.04089355468750000
-0.05346679687500000
-0.07275390625000000
-0.09033203125000000
-0.10852050781250000
-0.13183593750000000
-0.14746093750000000
-0.16522216796875000
-0.18121337890625000
-0.20031738281250000
-0.21405029296875000
-0.21881103515625000
-0.21850585937500000
-0.21295166015625000
-0.20843505859375000
-0.19409179687500000
-0.17248535156250000
-0.14916992187500000
-0.11999511718750000
-0.09582519531250000
-0.06408691406250000
-0.03363037109375000
-0.00115966796875000
0.02081298828125000
0.04150390625000000
0.06842041015625000
0.09338378906250000
0.12139892578125000
0.14257812500000000
0.16680908203125000
0.18676757812500000
0.20709228515625000
0.21948242187500000
0.23248291015625000
0.24835205078125000
0.25317382812500000
0.25103759765625000
0.24328613281250000
0.23681640625000000
0.23089599609375000
0.22155761718750000
0.21154785156250000
0.19519042968750000
0.18469238281250000
0.17388916015625000
0.16748046875000000
0.16552734375000000
0.16119384765625000
0.15795898437500000
0.15411376953125000
0.15008544921875000
0.14483642578125000
0.14263916015625000
0.13836669921875000
0.13238525390625000
0.12335205078125000
0.11566162109375000
0.10736083984375000
0.10278320312500000
0.09472656250000000
0.08599853515625000
0.07958984375000000
0.07586669921875000
0.06488037109375000
0.05340576171875000
0.04235839843750000
0.02819824218750000
0.01141357421875000
-0.00830078125000000
-0.03125000000000000
-0.06005859375000000
-0.08447265625000000
-0.11529541015625000
-0.13867187500000000
-0.16070556640625000
-0.18029785156250000
-0.20117187500000000
-0.21948242187500000
-0.22674560546875000
-0.23144531250000000
-0.23321533203125000
-0.23529052734375000
-0.23657226562500000
-0.23492431640625000
-0.23144531250000000
-0.22576904296875000
-0.21838378906250000
-0.20617675781250000
-0.19561767578125000
-0.18261718750000000
-0.16876220703125000
-0.15301513671875000
-0.13330078125000000
-0.11291503906250000
-0.08947753906250000
-0.07110595703125000
-0.05108642578125000
-0.03381347656250000
-0.01098632812500000
0.00646972656250000
0.02001953125000000
0.02978515625000000
0.03735351562500000
0.04351806640625000
0.05029296875000000
0.05706787109375000
0.06072998046875000
0.06433105468750000
0.06860351562500000
0.07580566406250000
0.08276367187500000
0.09460449218750000
0.10455322265625000
0.11340332031250000
0.11871337890625000
0.12286376953125000
0.12408447265625000
0.12414550781250000
0.12231445312500000
0.12030029296875000
0.11529541015625000
0.11199951171875000
0.10919189453125000
0.10778808593750000
0.10699462890625000
0.10571289062500000
0.10168457031250000
0.09655761718750000
0.09191894531250000
0.08361816406250000
0.07232666015625000
0.05957031250000000
0.04730224609375000
0.02856445312500000
0.00970458984375000
-0.00964355468750000
-0.02587890625000000
-0.04669189453125000
-0.06250000000000000
-0.07666015625000000
-0.08959960937500000
-0.10150146484375000
-0.11303710937500000
-0.12231445312500000
-0.12915039062500000
-0.13519287109375000
-0.14245605468750000
-0.14727783203125000
-0.15216064453125000
-0.15447998046875000
-0.15820312500000000
-0.16076660156250000
-0.15759277343750000
-0.15136718750000000
-0.14764404296875000
-0.14276123046875000
-0.13854980468750000
-0.13104248046875000
-0.12371826171875000
-0.11590576171875000
-0.11248779296875000
-0.10833740234375000
-0.10510253906250000
-0.10089111328125000
-0.09783935546875000
-0.09448242187500000
-0.08959960937500000
-0.08489990234375000
-0.08044433593750000
-0.07836914062500000
-0.07476806640625000
-0.06988525390625000
-0.06262207031250000
-0.05902099609375000
-0.05517578125000000
-0.05230712890625000
-0.04547119140625000
-0.04107666015625000
-0.03710937500000000
-0.03393554687500000
-0.02960205078125000
-0.02722167968750000
-0.02331542968750000
-0.01928710937500000
-0.01416015625000000
-0.00854492187500000
-0.00500488281250000
-0.00103759765625000
0.00402832031250000
0.00976562500000000
0.01129150390625000
0.01257324218750000
0.01226806640625000
0.01226806640625000
0.00787353515625000
0.00354003906250000
-0.00347900390625000
-0.00872802734375000
-0.01519775390625000
-0.02044677734375000
-0.02832031250000000
-0.03503417968750000
-0.03869628906250000
-0.04125976562500000
-0.04901123046875000
-0.05694580078125000
-0.05853271484375000
-0.06036376953125000
-0.06317138671875000
-0.06872558593750000
-0.07641601562500000
-0.08386230468750000
-0.08367919921875000
-0.08685302734375000
-0.09252929687500000
-0.09594726562500000
-0.09454345703125000
-0.09466552734375000
-0.09289550781250000
-0.09106445312500000
-0.08813476562500000
-0.08831787109375000
-0.08880615234375000
-0.09509277343750000
-0.10400390625000000
-0.10534667968750000
-0.10437011718750000
-0.10937500000000000
-0.12115478515625000
-0.12762451171875000
-0.12933349609375000
-0.12725830078125000
-0.12445068359375000
-0.12115478515625000
-0.11920166015625000
-0.11358642578125000
-0.10894775390625000
-0.10699462890625000
-0.11065673828125000
-0.10992431640625000
-0.10894775390625000
-0.10980224609375000
-0.11193847656250000
-0.11334228515625000
-0.11120605468750000
-0.10260009765625000
-0.09692382812500000
-0.09979248046875000
-0.09765625000000000
-0.08764648437500000
-0.08319091796875000
-0.08752441406250000
-0.08209228515625000
-0.07305908203125000
-0.07269287109375000
-0.08496093750000000
-0.08929443359375000
-0.08032226562500000
-0.06939697265625000
-0.07440185546875000
-0.08428955078125000
-0.08923339843750000
-0.08825683593750000
-0.09118652343750000
-0.09985351562500000
-0.10412597656250000
-0.10772705078125000
-0.11395263671875000
-0.11157226562500000
-0.09973144531250000
-0.10156250000000000
-0.11169433593750000
-0.11004638671875000
-0.09844970703125000
-0.10089111328125000
-0.11297607421875000
-0.10913085937500000
-0.08343505859375000
-0.07025146484375000
-0.05487060546875000
-0.02502441406250000
0.04687500000000000
0.12445068359375000
0.18322753906250000
0.24151611328125000
0.29113769531250000
0.36212158203125000
0.38208007812500000
0.37725830078125000
0.38629150390625000
0.37329101562500000
0.36248779296875000
0.33929443359375000
0.31726074218750000
0.30572509765625000
0.29870605468750000
0.30920410156250000
0.31665039062500000
0.31958007812500000
0.32421875000000000
0.31500244140625000
0.30218505859375000
0.27813720703125000
0.22711181640625000
0.18646240234375000
0.14550781250000000
0.11822509765625000
0.09118652343750000
0.06964111328125000
0.08233642578125000
0.09912109375000000
0.11083984375000000
0.11694335937500000
0.13586425781250000
0.15167236328125000
0.15686035156250000
0.15686035156250000
0.15191650390625000
0.14843750000000000
0.14251708984375000
0.11846923828125000
0.08514404296875000
0.04931640625000000
0.01879882812500000
-0.02032470703125000
-0.05645751953125000
-0.08215332031250000
-0.10943603515625000
-0.12500000000000000
-0.13287353515625000
-0.13983154296875000
-0.15020751953125000
-0.15606689453125000
-0.17071533203125000
-0.18664550781250000
-0.20452880859375000
-0.22222900390625000
-0.23815917968750000
-0.25378417968750000
-0.24835205078125000
-0.23577880859375000
-0.21746826171875000
-0.18835449218750000
-0.16473388671875000
-0.12963867187500000
-0.09326171875000000
-0.05371093750000000
-0.01910400390625000
0.00793457031250000
0.03698730468750000
0.06042480468750000
0.08770751953125000
0.10595703125000000
0.11804199218750000
0.12414550781250000
0.13104248046875000
0.13519287109375000
0.13464355468750000
0.13439941406250000
0.14874267578125000
0.16400146484375000
0.16986083984375000
0.17669677734375000
0.18811035156250000
0.20153808593750000
0.20635986328125000
0.20263671875000000
0.19488525390625000
0.18499755859375000
0.17791748046875000
0.16656494140625000
0.15649414062500000
0.15728759765625000
0.15600585937500000
0.16308593750000000
0.17248535156250000
0.18933105468750000
0.20434570312500000
0.21533203125000000
0.22717285156250000
0.23144531250000000
0.23449707031250000
0.22802734375000000
0.21215820312500000
0.19464111328125000
0.16717529296875000
0.14190673828125000
0.10913085937500000
0.07635498046875000
0.04901123046875000
0.02368164062500000
0.00408935546875000
-0.01885986328125000
-0.03564453125000000
-0.05786132812500000
-0.07653808593750000
-0.10021972656250000
-0.12408447265625000
-0.14984130859375000
-0.17279052734375000
-0.18902587890625000
-0.20562744140625000
-0.21490478515625000
-0.22430419921875000
-0.22540283203125000
-0.21520996093750000
-0.20312500000000000
-0.18878173828125000
-0.17864990234375000
-0.16113281250000000
-0.13922119140625000
-0.11920166015625000
-0.10113525390625000
-0.09027099609375000
-0.07922363281250000
-0.07421875000000000
-0.06896972656250000
-0.06604003906250000
-0.05920410156250000
-0.05200195312500000
-0.04339599609375000
-0.03582763671875000
-0.02435302734375000
-0.01037597656250000
0.00274658203125000
0.01361083984375000
0.02270507812500000
0.02838134765625000
0.02923583984375000
0.03161621093750000
0.03247070312500000
0.03302001953125000
0.03332519531250000
0.03771972656250000
0.04132080078125000
0.05078125000000000
0.06146240234375000
0.07489013671875000
0.08483886718750000
0.09808349609375000
0.11273193359375000
0.12738037109375000
0.14257812500000000
0.15362548828125000
0.16302490234375000
0.16839599609375000
0.17211914062500000
0.17163085937500000
0.16717529296875000
0.16363525390625000
0.15802001953125000
0.14910888671875000
0.14056396484375000
0.13220214843750000
0.12292480468750000
0.11016845703125000
0.09954833984375000
0.08441162109375000
0.06927490234375000
0.04772949218750000
0.02429199218750000
-0.00421142578125000
-0.03015136718750000
-0.05487060546875000
-0.07763671875000000
-0.09497070312500000
-0.11334228515625000
-0.12426757812500000
-0.12872314453125000
-0.12847900390625000
-0.12658691406250000
-0.12316894531250000
-0.11688232421875000
-0.10760498046875000
-0.10260009765625000
-0.09997558593750000
-0.10064697265625000
-0.09869384765625000
-0.10174560546875000
-0.10675048828125000
-0.11083984375000000
-0.11065673828125000
-0.10766601562500000
-0.10333251953125000
-0.09918212890625000
-0.09118652343750000
-0.08288574218750000
-0.07653808593750000
-0.07025146484375000
-0.06689453125000000
-0.06604003906250000
-0.07238769531250000
-0.07940673828125000
-0.08929443359375000
-0.09606933593750000
-0.10101318359375000
-0.10192871093750000
-0.10021972656250000
-0.09533691406250000
-0.08618164062500000
-0.06884765625000000
-0.05261230468750000
-0.03674316406250000
-0.02294921875000000
-0.00860595703125000
0.00311279296875000
0.00866699218750000
0.01135253906250000
0.01379394531250000
0.01885986328125000
0.01867675781250000
0.01660156250000000
0.01666259765625000
0.02038574218750000
0.01910400390625000
0.01745605468750000
0.01422119140625000
0.01184082031250000
0.00640869140625000
0.00067138671875000
-0.00823974609375000
-0.01580810546875000
-0.02441406250000000
-0.03332519531250000
-0.04382324218750000
-0.05639648437500000
-0.06640625000000000
-0.07647705078125000
-0.08367919921875000
-0.08843994140625000
-0.09051513671875000
-0.09161376953125000
-0.08685302734375000
-0.07849121093750000
-0.06872558593750000
-0.06262207031250000
-0.05847167968750000
-0.06036376953125000
-0.06005859375000000
-0.06420898437500000
-0.07171630859375000
-0.07916259765625000
-0.08435058593750000
-0.09020996093750000
-0.09539794921875000
-0.09576416015625000
-0.09228515625000000
-0.08843994140625000
-0.08685302734375000
-0.08782958984375000
-0.09460449218750000
-0.10009765625000000
-0.10711669921875000
-0.11248779296875000
-0.12158203125000000
-0.12957763671875000
-0.13549804687500000
-0.13732910156250000
-0.13708496093750000
-0.13433837890625000
-0.13031005859375000
-0.12408447265625000
-0.12097167968750000
-0.11883544921875000
-0.11840820312500000
-0.11779785156250000
-0.11486816406250000
-0.10900878906250000
-0.10211181640625000
-0.10070800781250000
-0.10217285156250000
-0.10235595703125000
-0.09631347656250000
-0.09527587890625000
-0.09844970703125000
-0.10858154296875000
-0.11676025390625000
-0.12121582031250000
-0.11956787109375000
-0.12017822265625000
-0.12420654296875000
-0.12921142578125000
-0.13140869140625000
-0.13439941406250000
-0.13781738281250000
-0.13769531250000000
-0.13732910156250000
-0.13629150390625000
-0.13592529296875000
-0.13970947265625000
-0.14599609375000000
-0.14465332031250000
-0.13824462890625000
-0.13116455078125000
-0.12011718750000000
-0.10705566406250000
-0.09484863281250000
-0.04882812500000000
0.00726318359375000
0.08996582031250000
0.16986083984375000
0.23645019531250000
0.30676269531250000
0.34631347656250000
0.39526367187500000
0.40197753906250000
0.38226318359375000
0.37237548828125000
0.34246826171875000
0.32806396484375000
0.30450439453125000
0.28125000000000000
0.28356933593750000
0.28710937500000000
0.29821777343750000
0.30902099609375000
0.30993652343750000
0.30773925781250000
0.28784179687500000
0.25628662109375000
0.21484375000000000
0.15753173828125000
0.12384033203125000
0.09313964843750000
0.07708740234375000
0.06951904296875000
0.06567382812500000
0.08477783203125000
0.10705566406250000
0.12182617187500000
0.12933349609375000
0.15106201171875000
0.16864013671875000
0.17590332031250000
0.18029785156250000
0.17523193359375000
0.16674804687500000
0.15270996093750000
0.12243652343750000
0.08349609375000000
0.02996826171875000
-0.01959228515625000
-0.06707763671875000
-0.10510253906250000
-0.13256835937500000
-0.15820312500000000
-0.16943359375000000
-0.17248535156250000
-0.17376708984375000
-0.18157958984375000
-0.19134521484375000
-0.20599365234375000
-0.21704101562500000
-0.23187255859375000
-0.24597167968750000
-0.25048828125000000
-0.25567626953125000
-0.24224853515625000
-0.21520996093750000
-0.18493652343750000
-0.14770507812500000
-0.11724853515625000
-0.07379150390625000
-0.03045654296875000
0.01757812500000000
0.06121826171875000
0.09112548828125000
0.12347412109375000
0.14459228515625000
0.16162109375000000
0.17065429687500000
0.17053222656250000
0.16400146484375000
0.14978027343750000
