0.00000000000000000
0.00000000000000000
0.00000000000000000
0.00000000000000000
0.00000000000000000
-0.00006103515625000
-0.00006103515625000
0.00000000000000000
-0.00006103515625000
0.00000000000000000
0.00000000000000000
-0.00006103515625000
0.00000000000000000
-0.00006103515625000
0.00000000000000000
-0.00006103515625000
0.00000000000000000
-0.00024414062500000
0.00030517578125000
-0.00042724609375000
0.00000000000000000
0.00091552734375000
-0.00262451171875000
0.00463867187500000
-0.00665283203125000
0.00756835937500000
-0.00604248046875000
-0.00018310546875000
0.01715087890625000
-0.02606201171875000
0.00701904296875000
0.00195312500000000
-0.00317382812500000
0.00488281250000000
-0.00341796875000000
0.00347900390625000
-0.00225830078125000
0.00213623046875000
-0.00134277343750000
0.00103759765625000
-0.00067138671875000
0.00048828125000000
-0.00030517578125000
0.00018310546875000
-0.00012207031250000
0.00024414062500000
-0.00030517578125000
0.00018310546875000
-0.00018310546875000
0.00000000000000000
-0.00006103515625000
-0.00018310546875000
0.00006103515625000
-0.00030517578125000
0.00006103515625000
-0.00048828125000000
0.00024414062500000
-0.00067138671875000
0.00024414062500000
-0.00067138671875000
0.00018310546875000
-0.00073242187500000
-0.00006103515625000
-0.00067138671875000
-0.00006103515625000
-0.00079345703125000
-0.00018310546875000
-0.00073242187500000
-0.00036621093750000
-0.00067138671875000
-0.00061035156250000
-0.00048828125000000
-0.00079345703125000
-0.00042724609375000
-0.00091552734375000
-0.00030517578125000
-0.00103759765625000
-0.00036621093750000
-0.00115966796875000
-0.00042724609375000
-0.00128173828125000
-0.00042724609375000
-0.00134277343750000
-0.00054931640625000
-0.00122070312500000
-0.00061035156250000
-0.00103759765625000
-0.00061035156250000
-0.00097656250000000
-0.00079345703125000
-0.00085449218750000
-0.00103759765625000
-0.00079345703125000
-0.00109863281250000
-0.00054931640625000
-0.00097656250000000
-0.00042724609375000
-0.00115966796875000
-0.00036621093750000
-0.00122070312500000
-0.00030517578125000
-0.00122070312500000
-0.00024414062500000
-0.00109863281250000
-0.00036621093750000
-0.00085449218750000
-0.00048828125000000
-0.00079345703125000
-0.00042724609375000
-0.00054931640625000
-0.00048828125000000
-0.00048828125000000
-0.00054931640625000
-0.00024414062500000
-0.00054931640625000
0.00000000000000000
-0.00067138671875000
0.00024414062500000
-0.00054931640625000
0.00042724609375000
-0.00042724609375000
0.00048828125000000
-0.00018310546875000
0.00054931640625000
-0.00006103515625000
0.00061035156250000
0.00006103515625000
0.00067138671875000
0.00030517578125000
0.00054931640625000
0.00054931640625000
0.00042724609375000
0.00073242187500000
0.00036621093750000
0.00085449218750000
0.00030517578125000
0.00097656250000000
0.00024414062500000
0.00103759765625000
0.00024414062500000
0.00103759765625000
0.00018310546875000
0.00097656250000000
0.00024414062500000
0.00091552734375000
0.00018310546875000
0.00079345703125000
0.00030517578125000
0.00061035156250000
0.00036621093750000
0.00042724609375000
0.00042724609375000
0.00018310546875000
0.00061035156250000
0.00000000000000000
0.00054931640625000
-0.00030517578125000
0.00042724609375000
-0.00036621093750000
0.00030517578125000
-0.00054931640625000
0.00018310546875000
-0.00067138671875000
0.00006103515625000
-0.00085449218750000
-0.00024414062500000
-0.00085449218750000
-0.00061035156250000
-0.00097656250000000
-0.00091552734375000
-0.00109863281250000
-0.00122070312500000
-0.00115966796875000
-0.00164794921875000
-0.00122070312500000
-0.00189208984375000
-0.00128173828125000
-0.00225830078125000
-0.00152587890625000
-0.00256347656250000
-0.00183105468750000
-0.00286865234375000
-0.00213623046875000
-0.00299072265625000
-0.00250244140625000
-0.00323486328125000
-0.00292968750000000
-0.00366210937500000
-0.00341796875000000
-0.00378417968750000
-0.00384521484375000
-0.00390625000000000
-0.00439453125000000
-0.00421142578125000
-0.00494384765625000
-0.00439453125000000
-0.00518798828125000
-0.00457763671875000
-0.00561523437500000
-0.00500488281250000
-0.00610351562500000
-0.00549316406250000
-0.00653076171875000
-0.00592041015625000
-0.00677490234375000
-0.00634765625000000
-0.00714111328125000
-0.00689697265625000
-0.00732421875000000
-0.00726318359375000
-0.00738525390625000
-0.00769042968750000
-0.00762939453125000
-0.00811767578125000
-0.00762939453125000
-0.00811767578125000
-0.00744628906250000
-0.00799560546875000
-0.00732421875000000
-0.00830078125000000
-0.00732421875000000
-0.00830078125000000
-0.00738525390625000
-0.00805664062500000
-0.00738525390625000
-0.00805664062500000
-0.00756835937500000
-0.00787353515625000
-0.00738525390625000
-0.00744628906250000
-0.00714111328125000
-0.00714111328125000
-0.00732421875000000
-0.00683593750000000
-0.00714111328125000
-0.00622558593750000
-0.00677490234375000
-0.00592041015625000
-0.00653076171875000
-0.00567626953125000
-0.00640869140625000
-0.00549316406250000
-0.00610351562500000
-0.00531005859375000
-0.00592041015625000
-0.00524902343750000
-0.00573730468750000
-0.00512695312500000
-0.00531005859375000
-0.00500488281250000
-0.00494384765625000
-0.00494384765625000
-0.00457763671875000
-0.00500488281250000
-0.00433349609375000
-0.00482177734375000
-0.00408935546875000
-0.00451660156250000
-0.00372314453125000
-0.00445556640625000
-0.00347900390625000
-0.00433349609375000
-0.00341796875000000
-0.00415039062500000
-0.00335693359375000
-0.00408935546875000
-0.00341796875000000
-0.00378417968750000
-0.00341796875000000
-0.00329589843750000
-0.00335693359375000
-0.00305175781250000
-0.00329589843750000
-0.00299072265625000
-0.00329589843750000
-0.00274658203125000
-0.00335693359375000
-0.00250244140625000
-0.00323486328125000
-0.00231933593750000
-0.00305175781250000
-0.00219726562500000
-0.00286865234375000
-0.00201416015625000
-0.00280761718750000
-0.00207519531250000
-0.00262451171875000
-0.00225830078125000
-0.00250244140625000
-0.00231933593750000
-0.00238037109375000
-0.00238037109375000
-0.00219726562500000
-0.00250244140625000
-0.00195312500000000
-0.00268554687500000
-0.00201416015625000
-0.00274658203125000
-0.00195312500000000
-0.00268554687500000
-0.00195312500000000
-0.00280761718750000
-0.00189208984375000
-0.00274658203125000
-0.00195312500000000
-0.00250244140625000
-0.00201416015625000
-0.00250244140625000
-0.00225830078125000
-0.00250244140625000
-0.00250244140625000
-0.00238037109375000
-0.00250244140625000
-0.00219726562500000
-0.00268554687500000
-0.00213623046875000
-0.00268554687500000
-0.00177001953125000
-0.00256347656250000
-0.00177001953125000
-0.00274658203125000
-0.00195312500000000
-0.00280761718750000
-0.00201416015625000
-0.00268554687500000
-0.00213623046875000
-0.00262451171875000
-0.00219726562500000
-0.00244140625000000
-0.00231933593750000
-0.00250244140625000
-0.00256347656250000
-0.00238037109375000
-0.00256347656250000
-0.00189208984375000
-0.00244140625000000
-0.00158691406250000
-0.00250244140625000
-0.00170898437500000
-0.00262451171875000
-0.00189208984375000
-0.00262451171875000
-0.00177001953125000
-0.00244140625000000
-0.00177001953125000
-0.00250244140625000
-0.00189208984375000
-0.00256347656250000
-0.00225830078125000
-0.00250244140625000
-0.00244140625000000
-0.00219726562500000
-0.00244140625000000
-0.00195312500000000
-0.00238037109375000
-0.00183105468750000
-0.00262451171875000
-0.00189208984375000
-0.00274658203125000
-0.00189208984375000
-0.00256347656250000
-0.00164794921875000
-0.00238037109375000
-0.00158691406250000
-0.00231933593750000
-0.00164794921875000
-0.00219726562500000
-0.00177001953125000
-0.00213623046875000
-0.00201416015625000
-0.00201416015625000
-0.00195312500000000
-0.00164794921875000
-0.00201416015625000
-0.00152587890625000
-0.00207519531250000
-0.00140380859375000
-0.00219726562500000
-0.00128173828125000
-0.00213623046875000
-0.00140380859375000
-0.00231933593750000
-0.00164794921875000
-0.00244140625000000
-0.00177001953125000
-0.00256347656250000
-0.00207519531250000
-0.00256347656250000
-0.00231933593750000
-0.00256347656250000
-0.00250244140625000
-0.00244140625000000
-0.00280761718750000
-0.00250244140625000
-0.00299072265625000
-0.00244140625000000
-0.00311279296875000
-0.00231933593750000
-0.00317382812500000
-0.00225830078125000
-0.00299072265625000
-0.00189208984375000
-0.00231933593750000
-0.00109863281250000
-0.00097656250000000
0.00061035156250000
0.00097656250000000
0.00250244140625000
0.00292968750000000
0.00396728515625000
0.00469970703125000
0.00531005859375000
0.00653076171875000
0.00714111328125000
0.00866699218750000
0.00915527343750000
0.01098632812500000
0.01177978515625000
0.01434326171875000
0.01525878906250000
0.01812744140625000
0.01831054687500000
0.02020263671875000
0.02069091796875000
0.02221679687500000
0.02319335937500000
0.02526855468750000
0.02593994140625000
0.02679443359375000
0.02734375000000000
0.02801513671875000
0.02862548828125000
0.02954101562500000
0.03021240234375000
0.02899169921875000
0.02923583984375000
0.02807617187500000
0.02838134765625000
0.02862548828125000
0.02990722656250000
0.02868652343750000
0.02917480468750000
0.02728271484375000
0.02673339843750000
0.02557373046875000
0.02569580078125000
0.02429199218750000
0.02398681640625000
0.02282714843750000
0.02191162109375000
0.02124023437500000
0.02099609375000000
0.02062988281250000
0.01971435546875000
0.01922607421875000
0.01708984375000000
0.01629638671875000
0.01446533203125000
0.01409912109375000
0.01232910156250000
0.01232910156250000
0.01049804687500000
0.01055908203125000
0.00909423828125000
0.00939941406250000
0.00830078125000000
0.00823974609375000
0.00708007812500000
0.00628662109375000
0.00518798828125000
0.00439453125000000
0.00347900390625000
0.00262451171875000
0.00225830078125000
0.00109863281250000
0.00115966796875000
-0.00012207031250000
0.00012207031250000
-0.00140380859375000
-0.00122070312500000
-0.00286865234375000
-0.00274658203125000
-0.00427246093750000
-0.00433349609375000
-0.00555419921875000
-0.00555419921875000
-0.00677490234375000
-0.00683593750000000
-0.00781250000000000
-0.00823974609375000
-0.00885009765625000
-0.00970458984375000
-0.01019287109375000
-0.01129150390625000
-0.01141357421875000
-0.01251220703125000
-0.01208496093750000
-0.01318359375000000
-0.01293945312500000
-0.01422119140625000
-0.01361083984375000
-0.01477050781250000
-0.01422119140625000
-0.01513671875000000
-0.01495361328125000
-0.01623535156250000
-0.01611328125000000
-0.01684570312500000
-0.01660156250000000
-0.01641845703125000
-0.01617431640625000
-0.01599121093750000
-0.01574707031250000
-0.01507568359375000
-0.01507568359375000
-0.01385498046875000
-0.01397705078125000
-0.01300048828125000
-0.01354980468750000
-0.01251220703125000
-0.01306152343750000
-0.01159667968750000
-0.01165771484375000
-0.01025390625000000
-0.01025390625000000
-0.00903320312500000
-0.00909423828125000
-0.00811767578125000
-0.00787353515625000
-0.00714111328125000
-0.00671386718750000
-0.00622558593750000
-0.00567626953125000
-0.00561523437500000
-0.00451660156250000
-0.00463867187500000
-0.00329589843750000
-0.00372314453125000
-0.00244140625000000
-0.00286865234375000
-0.00177001953125000
-0.00225830078125000
-0.00128173828125000
-0.00183105468750000
-0.00085449218750000
-0.00140380859375000
-0.00054931640625000
-0.00067138671875000
-0.00012207031250000
0.00000000000000000
0.00012207031250000
0.00024414062500000
0.00006103515625000
0.00036621093750000
-0.00024414062500000
0.00030517578125000
-0.00030517578125000
0.00054931640625000
-0.00012207031250000
0.00091552734375000
0.00018310546875000
0.00115966796875000
0.00036621093750000
0.00109863281250000
0.00036621093750000
0.00079345703125000
0.00012207031250000
0.00036621093750000
-0.00006103515625000
0.00024414062500000
0.00024414062500000
0.00012207031250000
0.00042724609375000
0.00018310546875000
0.00061035156250000
0.00006103515625000
0.00061035156250000
-0.00036621093750000
0.00024414062500000
-0.00085449218750000
-0.00024414062500000
-0.00122070312500000
-0.00048828125000000
-0.00140380859375000
-0.00079345703125000
-0.00158691406250000
-0.00128173828125000
-0.00201416015625000
-0.00207519531250000
-0.00262451171875000
-0.00305175781250000
-0.00329589843750000
-0.00372314453125000
-0.00366210937500000
-0.00415039062500000
-0.00366210937500000
-0.00451660156250000
-0.00390625000000000
-0.00524902343750000
-0.00488281250000000
-0.00616455078125000
-0.00573730468750000
-0.00677490234375000
-0.00622558593750000
-0.00714111328125000
-0.00671386718750000
-0.00738525390625000
-0.00689697265625000
-0.00720214843750000
-0.00701904296875000
-0.00708007812500000
-0.00738525390625000
-0.00744628906250000
-0.00811767578125000
-0.00775146484375000
-0.00823974609375000
-0.00750732421875000
-0.00787353515625000
-0.00689697265625000
-0.00750732421875000
-0.00634765625000000
-0.00720214843750000
-0.00616455078125000
-0.00689697265625000
-0.00616455078125000
-0.00677490234375000
-0.00628662109375000
-0.00628662109375000
-0.00579833984375000
-0.00561523437500000
-0.00512695312500000
-0.00500488281250000
-0.00488281250000000
-0.00433349609375000
-0.00476074218750000
-0.00390625000000000
-0.00457763671875000
-0.00378417968750000
-0.00421142578125000
-0.00329589843750000
-0.00384521484375000
-0.00274658203125000
-0.00335693359375000
-0.00231933593750000
-0.00317382812500000
-0.00256347656250000
-0.00317382812500000
-0.00274658203125000
-0.00280761718750000
-0.00262451171875000
-0.00250244140625000
-0.00244140625000000
-0.00213623046875000
-0.00238037109375000
-0.00183105468750000
-0.00231933593750000
-0.00164794921875000
-0.00238037109375000
-0.00164794921875000
-0.00256347656250000
-0.00158691406250000
-0.00250244140625000
-0.00152587890625000
-0.00219726562500000
-0.00164794921875000
-0.00219726562500000
-0.00177001953125000
-0.00231933593750000
-0.00189208984375000
-0.00225830078125000
-0.00219726562500000
-0.00219726562500000
-0.00250244140625000
-0.00207519531250000
-0.00268554687500000
-0.00213623046875000
-0.00286865234375000
-0.00225830078125000
-0.00317382812500000
-0.00250244140625000
-0.00341796875000000
-0.00262451171875000
-0.00366210937500000
-0.00299072265625000
-0.00390625000000000
-0.00335693359375000
-0.00396728515625000
-0.00366210937500000
-0.00408935546875000
-0.00402832031250000
-0.00433349609375000
-0.00457763671875000
-0.00439453125000000
-0.00488281250000000
-0.00439453125000000
-0.00500488281250000
-0.00451660156250000
-0.00537109375000000
-0.00469970703125000
-0.00555419921875000
-0.00457763671875000
-0.00555419921875000
-0.00476074218750000
-0.00555419921875000
-0.00500488281250000
-0.00573730468750000
-0.00524902343750000
-0.00585937500000000
-0.00549316406250000
-0.00561523437500000
-0.00561523437500000
-0.00537109375000000
-0.00561523437500000
-0.00524902343750000
-0.00561523437500000
-0.00494384765625000
-0.00561523437500000
-0.00469970703125000
-0.00555419921875000
-0.00469970703125000
-0.00555419921875000
-0.00476074218750000
-0.00555419921875000
-0.00488281250000000
-0.00561523437500000
-0.00494384765625000
-0.00531005859375000
-0.00463867187500000
-0.00488281250000000
-0.00488281250000000
-0.00518798828125000
-0.00567626953125000
-0.00585937500000000
-0.00634765625000000
-0.00567626953125000
-0.00573730468750000
-0.00457763671875000
-0.00518798828125000
-0.00445556640625000
-0.00561523437500000
-0.00506591796875000
-0.00573730468750000
-0.00469970703125000
-0.00537109375000000
-0.00457763671875000
-0.00531005859375000
-0.00469970703125000
-0.00488281250000000
-0.00439453125000000
-0.00408935546875000
-0.00372314453125000
-0.00347900390625000
-0.00366210937500000
-0.00347900390625000
-0.00402832031250000
-0.00354003906250000
-0.00408935546875000
-0.00317382812500000
-0.00378417968750000
-0.00256347656250000
-0.00317382812500000
-0.00189208984375000
-0.00262451171875000
-0.00183105468750000
-0.00256347656250000
-0.00219726562500000
-0.00274658203125000
-0.00219726562500000
-0.00231933593750000
-0.00183105468750000
-0.00183105468750000
-0.00183105468750000
-0.00164794921875000
-0.00219726562500000
-0.00183105468750000
-0.00231933593750000
-0.00140380859375000
-0.00195312500000000
-0.00097656250000000
-0.00170898437500000
-0.00103759765625000
-0.00189208984375000
-0.00128173828125000
-0.00219726562500000
-0.00134277343750000
-0.00195312500000000
-0.00109863281250000
-0.00109863281250000
-0.00073242187500000
-0.00097656250000000
-0.00115966796875000
-0.00140380859375000
-0.00158691406250000
-0.00128173828125000
-0.00158691406250000
-0.00061035156250000
-0.00122070312500000
-0.00048828125000000
-0.00164794921875000
-0.00128173828125000
-0.00231933593750000
-0.00164794921875000
-0.00219726562500000
-0.00109863281250000
-0.00195312500000000
-0.00140380859375000
-0.00213623046875000
-0.00183105468750000
-0.00231933593750000
-0.00238037109375000
-0.00231933593750000
-0.00238037109375000
-0.00219726562500000
-0.00244140625000000
-0.00207519531250000
-0.00268554687500000
-0.00238037109375000
-0.00354003906250000
-0.00286865234375000
-0.00378417968750000
-0.00274658203125000
-0.00329589843750000
-0.00244140625000000
-0.00341796875000000
-0.00317382812500000
-0.00421142578125000
-0.00390625000000000
-0.00439453125000000
-0.00415039062500000
-0.00439453125000000
-0.00427246093750000
-0.00433349609375000
-0.00469970703125000
-0.00439453125000000
-0.00537109375000000
-0.00488281250000000
-0.00543212890625000
-0.00463867187500000
-0.00506591796875000
-0.00433349609375000
-0.00518798828125000
-0.00415039062500000
-0.00494384765625000
-0.00372314453125000
-0.00402832031250000
-0.00299072265625000
-0.00292968750000000
-0.00183105468750000
-0.00103759765625000
0.00030517578125000
0.00115966796875000
0.00213623046875000
0.00329589843750000
0.00378417968750000
0.00543212890625000
0.00555419921875000
0.00726318359375000
0.00781250000000000
0.00994873046875000
0.01080322265625000
0.01336669921875000
0.01416015625000000
0.01641845703125000
0.01727294921875000
0.01959228515625000
0.02050781250000000
0.02301025390625000
0.02392578125000000
0.02496337890625000
0.02618408203125000
0.02722167968750000
0.02911376953125000
0.03118896484375000
0.03314208984375000
0.03320312500000000
0.03424072265625000
0.03375244140625000
0.03466796875000000
0.03533935546875000
0.03723144531250000
0.03619384765625000
0.03698730468750000
0.03601074218750000
0.03607177734375000
0.03607177734375000
0.03753662109375000
0.03674316406250000
0.03668212890625000
0.03509521484375000
0.03332519531250000
0.03228759765625000
0.03216552734375000
0.03155517578125000
0.03057861328125000
0.03015136718750000
0.02752685546875000
0.02655029296875000
0.02496337890625000
0.02453613281250000
0.02276611328125000
0.02252197265625000
0.01971435546875000
0.01892089843750000
0.01702880859375000
0.01678466796875000
0.01531982421875000
0.01525878906250000
0.01367187500000000
0.01281738281250000
0.01153564453125000
0.01037597656250000
0.00958251953125000
0.00842285156250000
0.00781250000000000
0.00640869140625000
0.00585937500000000
0.00439453125000000
0.00421142578125000
0.00244140625000000
0.00238037109375000
0.00036621093750000
0.00036621093750000
-0.00134277343750000
-0.00103759765625000
-0.00231933593750000
-0.00238037109375000
-0.00372314453125000
-0.00427246093750000
-0.00524902343750000
-0.00598144531250000
-0.00708007812500000
-0.00799560546875000
-0.00872802734375000
-0.00988769531250000
-0.00982666015625000
-0.01104736328125000
-0.01080322265625000
-0.01196289062500000
-0.01202392578125000
-0.01379394531250000
-0.01379394531250000
-0.01544189453125000
-0.01501464843750000
-0.01605224609375000
-0.01593017578125000
-0.01727294921875000
-0.01739501953125000
-0.01812744140625000
-0.01812744140625000
-0.01824951171875000
-0.01843261718750000
-0.01892089843750000
-0.01928710937500000
-0.01910400390625000
-0.01959228515625000
-0.01818847656250000
-0.01824951171875000
-0.01727294921875000
-0.01745605468750000
-0.01647949218750000
-0.01715087890625000
-0.01574707031250000
-0.01599121093750000
-0.01495361328125000
-0.01531982421875000
-0.01440429687500000
-0.01470947265625000
-0.01354980468750000
-0.01318359375000000
-0.01220703125000000
-0.01147460937500000
-0.01092529296875000
-0.01019287109375000
-0.01019287109375000
-0.00909423828125000
-0.00903320312500000
-0.00769042968750000
-0.00762939453125000
-0.00646972656250000
-0.00689697265625000
-0.00549316406250000
-0.00592041015625000
-0.00445556640625000
-0.00494384765625000
-0.00396728515625000
-0.00427246093750000
-0.00347900390625000
-0.00354003906250000
-0.00305175781250000
-0.00305175781250000
-0.00268554687500000
-0.00238037109375000
-0.00244140625000000
-0.00189208984375000
-0.00207519531250000
-0.00115966796875000
-0.00170898437500000
-0.00097656250000000
-0.00183105468750000
-0.00091552734375000
-0.00164794921875000
-0.00079345703125000
-0.00146484375000000
-0.00061035156250000
-0.00134277343750000
-0.00054931640625000
-0.00109863281250000
-0.00073242187500000
-0.00085449218750000
-0.00073242187500000
-0.00079345703125000
-0.00091552734375000
-0.00079345703125000
-0.00109863281250000
-0.00073242187500000
-0.00134277343750000
-0.00054931640625000
-0.00140380859375000
-0.00061035156250000
-0.00152587890625000
-0.00079345703125000
-0.00164794921875000
-0.00091552734375000
-0.00164794921875000
-0.00097656250000000
-0.00177001953125000
-0.00140380859375000
-0.00195312500000000
-0.00170898437500000
-0.00177001953125000
-0.00170898437500000
-0.00183105468750000
-0.00231933593750000
-0.00225830078125000
-0.00311279296875000
-0.00268554687500000
-0.00360107421875000
-0.00286865234375000
-0.00372314453125000
-0.00305175781250000
-0.00408935546875000
-0.00354003906250000
-0.00457763671875000
-0.00415039062500000
-0.00518798828125000
-0.00488281250000000
-0.00579833984375000
-0.00579833984375000
-0.00616455078125000
-0.00610351562500000
-0.00628662109375000
-0.00640869140625000
-0.00640869140625000
-0.00701904296875000
-0.00683593750000000
-0.00756835937500000
-0.00689697265625000
-0.00775146484375000
-0.00708007812500000
-0.00817871093750000
-0.00744628906250000
-0.00842285156250000
-0.00762939453125000
-0.00823974609375000
-0.00744628906250000
-0.00817871093750000
-0.00799560546875000
-0.00860595703125000
-0.00830078125000000
-0.00836181640625000
-0.00817871093750000
-0.00817871093750000
-0.00830078125000000
-0.00805664062500000
-0.00872802734375000
-0.00793457031250000
-0.00836181640625000
-0.00762939453125000
-0.00842285156250000
-0.00769042968750000
-0.00878906250000000
-0.00781250000000000
-0.00860595703125000
-0.00775146484375000
-0.00836181640625000
-0.00775146484375000
-0.00854492187500000
-0.00817871093750000
-0.00842285156250000
-0.00836181640625000
-0.00842285156250000
-0.00836181640625000
-0.00817871093750000
-0.00866699218750000
-0.00823974609375000
-0.00878906250000000
-0.00811767578125000
-0.00891113281250000
-0.00836181640625000
-0.00939941406250000
-0.00866699218750000
-0.00964355468750000
-0.00854492187500000
-0.00909423828125000
-0.00836181640625000
-0.00897216796875000
-0.00854492187500000
-0.00909423828125000
-0.00866699218750000
-0.00878906250000000
-0.00891113281250000
-0.00903320312500000
-0.00933837890625000
-0.00891113281250000
-0.00915527343750000
-0.00823974609375000
-0.00860595703125000
-0.00769042968750000
-0.00842285156250000
-0.00769042968750000
-0.00885009765625000
-0.00793457031250000
-0.00860595703125000
-0.00781250000000000
-0.00836181640625000
-0.00775146484375000
-0.00805664062500000
-0.00738525390625000
-0.00744628906250000
-0.00695800781250000
-0.00714111328125000
-0.00720214843750000
-0.00695800781250000
-0.00732421875000000
-0.00646972656250000
-0.00677490234375000
-0.00579833984375000
-0.00634765625000000
-0.00543212890625000
-0.00604248046875000
-0.00524902343750000
-0.00598144531250000
-0.00488281250000000
-0.00537109375000000
-0.00457763671875000
-0.00524902343750000
-0.00457763671875000
-0.00476074218750000
-0.00427246093750000
-0.00433349609375000
-0.00433349609375000
-0.00445556640625000
-0.00457763671875000
-0.00390625000000000
-0.00402832031250000
-0.00311279296875000
-0.00366210937500000
-0.00280761718750000
-0.00378417968750000
-0.00311279296875000
-0.00402832031250000
-0.00323486328125000
-0.00372314453125000
-0.00268554687500000
-0.00347900390625000
-0.00305175781250000
-0.00354003906250000
-0.00286865234375000
-0.00292968750000000
-0.00280761718750000
-0.00286865234375000
-0.00292968750000000
-0.00299072265625000
-0.00347900390625000
-0.00305175781250000
-0.00354003906250000
-0.00268554687500000
-0.00341796875000000
-0.00250244140625000
-0.00341796875000000
-0.00244140625000000
-0.00305175781250000
-0.00225830078125000
-0.00311279296875000
-0.00250244140625000
-0.00354003906250000
-0.00317382812500000
-0.00384521484375000
-0.00354003906250000
-0.00323486328125000
-0.00299072265625000
-0.00280761718750000
-0.00311279296875000
-0.00280761718750000
-0.00323486328125000
-0.00262451171875000
-0.00335693359375000
-0.00268554687500000
-0.00329589843750000
-0.00256347656250000
-0.00347900390625000
-0.00250244140625000
-0.00323486328125000
-0.00238037109375000
-0.00317382812500000
-0.00262451171875000
-0.00329589843750000
-0.00299072265625000
-0.00335693359375000
-0.00323486328125000
-0.00341796875000000
-0.00366210937500000
-0.00341796875000000
-0.00335693359375000
-0.00280761718750000
-0.00347900390625000
-0.00256347656250000
-0.00335693359375000
-0.00256347656250000
-0.00354003906250000
-0.00299072265625000
-0.00360107421875000
-0.00274658203125000
-0.00360107421875000
-0.00274658203125000
-0.00323486328125000
-0.00262451171875000
-0.00311279296875000
-0.00262451171875000
-0.00274658203125000
-0.00256347656250000
-0.00250244140625000
-0.00268554687500000
-0.00213623046875000
-0.00280761718750000
-0.00213623046875000
-0.00250244140625000
-0.00146484375000000
-0.00189208984375000
-0.00085449218750000
-0.00164794921875000
-0.00073242187500000
-0.00158691406250000
-0.00085449218750000
-0.00170898437500000
-0.00115966796875000
-0.00146484375000000
-0.00067138671875000
-0.00067138671875000
-0.00012207031250000
-0.00018310546875000
-0.00030517578125000
-0.00012207031250000
-0.00067138671875000
-0.00036621093750000
-0.00115966796875000
-0.00030517578125000
-0.00042724609375000
0.00097656250000000
0.00042724609375000
0.00164794921875000
0.00079345703125000
0.00122070312500000
0.00024414062500000
0.00067138671875000
0.00012207031250000
0.00091552734375000
0.00036621093750000
0.00067138671875000
0.00054931640625000
0.00054931640625000
0.00036621093750000
-0.00024414062500000
-0.00006103515625000
-0.00079345703125000
-0.00030517578125000
-0.00115966796875000
-0.00048828125000000
-0.00134277343750000
-0.00054931640625000
-0.00177001953125000
-0.00140380859375000
-0.00268554687500000
-0.00213623046875000
-0.00292968750000000
-0.00238037109375000
-0.00299072265625000
-0.00250244140625000
-0.00268554687500000
-0.00195312500000000
-0.00122070312500000
-0.00061035156250000
0.00085449218750000
0.00164794921875000
0.00256347656250000
0.00231933593750000
0.00317382812500000
0.00262451171875000
0.00396728515625000
0.00366210937500000
0.00561523437500000
0.00610351562500000
0.00848388671875000
0.00927734375000000
0.01141357421875000
0.01232910156250000
0.01422119140625000
0.01470947265625000
0.01562500000000000
0.01617431640625000
0.01708984375000000
0.01849365234375000
0.01965332031250000
0.02142333984375000
0.02203369140625000
0.02374267578125000
0.02380371093750000
0.02514648437500000
0.02563476562500000
0.02770996093750000
0.02691650390625000
0.02764892578125000
0.02691650390625000
0.02716064453125000
0.02709960937500000
0.02874755859375000
0.02886962890625000
0.03021240234375000
0.02984619140625000
0.02880859375000000
0.02807617187500000
0.02758789062500000
0.02673339843750000
0.02551269531250000
0.02514648437500000
0.02313232421875000
0.02288818359375000
0.02215576171875000
0.02252197265625000
0.02166748046875000
0.02233886718750000
0.02032470703125000
0.02008056640625000
0.01812744140625000
0.01751708984375000
0.01586914062500000
0.01562500000000000
0.01422119140625000
0.01379394531250000
0.01300048828125000
0.01257324218750000
0.01232910156250000
0.01171875000000000
0.01159667968750000
0.01049804687500000
0.01037597656250000
0.00872802734375000
0.00836181640625000
0.00659179687500000
0.00659179687500000
0.00500488281250000
0.00518798828125000
0.00390625000000000
0.00457763671875000
0.00335693359375000
0.00347900390625000
0.00225830078125000
0.00189208984375000
0.00103759765625000
0.00012207031250000
-0.00085449218750000
-0.00183105468750000
-0.00262451171875000
-0.00366210937500000
-0.00354003906250000
-0.00463867187500000
-0.00427246093750000
-0.00543212890625000
-0.00555419921875000
-0.00744628906250000
-0.00787353515625000
-0.00982666015625000
-0.01000976562500000
-0.01159667968750000
-0.01141357421875000
-0.01245117187500000
-0.01214599609375000
-0.01263427734375000
-0.01245117187500000
-0.01293945312500000
-0.01379394531250000
-0.01470947265625000
-0.01599121093750000
-0.01672363281250000
-0.01776123046875000
-0.01702880859375000
-0.01770019531250000
-0.01702880859375000
-0.01739501953125000
-0.01641845703125000
-0.01702880859375000
-0.01556396484375000
-0.01556396484375000
-0.01440429687500000
-0.01525878906250000
-0.01495361328125000
-0.01611328125000000
-0.01574707031250000
-0.01544189453125000
-0.01477050781250000
-0.01416015625000000
-0.01318359375000000
-0.01220703125000000
-0.01165771484375000
-0.01037597656250000
-0.01055908203125000
-0.00939941406250000
-0.00976562500000000
-0.00903320312500000
-0.00988769531250000
-0.00860595703125000
-0.00891113281250000
-0.00750732421875000
-0.00762939453125000
-0.00640869140625000
-0.00665283203125000
-0.00579833984375000
-0.00616455078125000
-0.00579833984375000
-0.00604248046875000
-0.00616455078125000
-0.00616455078125000
-0.00646972656250000
-0.00604248046875000
-0.00616455078125000
-0.00500488281250000
-0.00543212890625000
-0.00457763671875000
-0.00537109375000000
-0.00463867187500000
-0.00561523437500000
-0.00524902343750000
-0.00628662109375000
-0.00549316406250000
-0.00659179687500000
-0.00592041015625000
-0.00646972656250000
-0.00592041015625000
-0.00579833984375000
-0.00543212890625000
-0.00543212890625000
-0.00567626953125000
-0.00573730468750000
-0.00622558593750000
-0.00579833984375000
-0.00665283203125000
-0.00592041015625000
-0.00628662109375000
-0.00579833984375000
-0.00671386718750000
-0.00537109375000000
-0.00585937500000000
-0.00482177734375000
-0.00549316406250000
-0.00469970703125000
-0.00567626953125000
-0.00543212890625000
-0.00592041015625000
-0.00561523437500000
-0.00598144531250000
-0.00598144531250000
-0.00537109375000000
-0.00524902343750000
-0.00500488281250000
-0.00561523437500000
-0.00518798828125000
-0.00604248046875000
-0.00567626953125000
-0.00671386718750000
-0.00604248046875000
-0.00695800781250000
-0.00622558593750000
-0.00720214843750000
-0.00665283203125000
-0.00756835937500000
-0.00726318359375000
-0.00811767578125000
-0.00805664062500000
-0.00860595703125000
-0.00872802734375000
-0.00897216796875000
-0.00946044921875000
-0.00970458984375000
-0.01025390625000000
-0.00952148437500000
-0.00982666015625000
-0.00909423828125000
-0.01000976562500000
-0.00952148437500000
-0.01055908203125000
-0.00994873046875000
-0.01110839843750000
-0.01049804687500000
-0.01129150390625000
-0.01055908203125000
-0.01147460937500000
-0.01116943359375000
-0.01177978515625000
-0.01141357421875000
-0.01141357421875000
-0.01165771484375000
-0.01165771484375000
-0.01165771484375000
-0.01147460937500000
-0.01177978515625000
-0.01092529296875000
-0.01165771484375000
-0.01116943359375000
-0.01190185546875000
-0.01080322265625000
-0.01171875000000000
-0.01086425781250000
-0.01153564453125000
-0.01062011718750000
-0.01116943359375000
-0.01049804687500000
-0.01092529296875000
-0.01049804687500000
-0.01068115234375000
-0.01025390625000000
-0.01007080078125000
-0.01007080078125000
-0.00982666015625000
-0.01000976562500000
-0.00939941406250000
-0.00970458984375000
-0.00866699218750000
-0.00946044921875000
-0.00854492187500000
-0.00927734375000000
-0.00823974609375000
-0.00897216796875000
-0.00830078125000000
-0.00897216796875000
-0.00817871093750000
-0.00891113281250000
-0.00842285156250000
-0.00878906250000000
-0.00823974609375000
-0.00830078125000000
-0.00787353515625000
-0.00750732421875000
-0.00756835937500000
-0.00720214843750000
-0.00793457031250000
-0.00732421875000000
-0.00793457031250000
-0.00714111328125000
-0.00775146484375000
-0.00671386718750000
-0.00726318359375000
-0.00640869140625000
-0.00714111328125000
-0.00610351562500000
-0.00671386718750000
-0.00598144531250000
-0.00677490234375000
-0.00653076171875000
-0.00677490234375000
-0.00646972656250000
-0.00598144531250000
-0.00567626953125000
-0.00543212890625000
-0.00567626953125000
-0.00494384765625000
-0.00524902343750000
-0.00476074218750000
-0.00561523437500000
-0.00476074218750000
-0.00537109375000000
-0.00421142578125000
-0.00500488281250000
-0.00433349609375000
-0.00518798828125000
-0.00427246093750000
-0.00488281250000000
-0.00439453125000000
-0.00476074218750000
-0.00439453125000000
-0.00463867187500000
-0.00488281250000000
-0.00524902343750000
-0.00573730468750000
-0.00537109375000000
-0.00549316406250000
-0.00457763671875000
-0.00543212890625000
-0.00500488281250000
-0.00640869140625000
-0.00610351562500000
-0.00720214843750000
-0.00653076171875000
-0.00726318359375000
-0.00646972656250000
-0.00689697265625000
-0.00640869140625000
-0.00769042968750000
-0.00762939453125000
-0.00799560546875000
-0.00799560546875000
-0.00787353515625000
-0.00775146484375000
-0.00756835937500000
-0.00775146484375000
-0.00628662109375000
-0.00561523437500000
-0.00482177734375000
-0.00689697265625000
-0.00756835937500000
-0.00909423828125000
-0.00848388671875000
-0.00933837890625000
-0.00799560546875000
-0.00811767578125000
-0.00701904296875000
-0.00750732421875000
-0.00689697265625000
-0.00720214843750000
-0.00708007812500000
-0.00714111328125000
-0.00720214843750000
-0.00762939453125000
-0.00787353515625000
-0.00695800781250000
-0.00646972656250000
-0.00537109375000000
-0.00616455078125000
-0.00555419921875000
-0.00646972656250000
-0.00531005859375000
-0.00561523437500000
-0.00439453125000000
-0.00494384765625000
-0.00415039062500000
-0.00500488281250000
-0.00463867187500000
-0.00567626953125000
-0.00506591796875000
-0.00457763671875000
-0.00372314453125000
-0.00378417968750000
-0.00366210937500000
-0.00347900390625000
-0.00402832031250000
-0.00329589843750000
-0.00323486328125000
-0.00189208984375000
-0.00280761718750000
-0.00219726562500000
-0.00238037109375000
-0.00079345703125000
-0.00146484375000000
-0.00048828125000000
-0.00073242187500000
0.00030517578125000
-0.00030517578125000
0.00054931640625000
0.00067138671875000
0.00122070312500000
0.00103759765625000
0.00158691406250000
0.00170898437500000
0.00152587890625000
0.00262451171875000
0.00280761718750000
0.00384521484375000
0.00286865234375000
0.00360107421875000
0.00341796875000000
0.00476074218750000
0.00427246093750000
0.00524902343750000
0.00421142578125000
0.00488281250000000
0.00451660156250000
0.00579833984375000
0.00585937500000000
0.00659179687500000
0.00640869140625000
0.00634765625000000
0.00634765625000000
0.00671386718750000
0.00756835937500000
0.00738525390625000
0.00787353515625000
0.00720214843750000
0.00762939453125000
0.00653076171875000
0.00677490234375000
0.00592041015625000
0.00708007812500000
0.00653076171875000
0.00756835937500000
0.00683593750000000
0.00775146484375000
0.00695800781250000
0.00726318359375000
0.00634765625000000
0.00585937500000000
0.00518798828125000
0.00512695312500000
0.00524902343750000
0.00506591796875000
0.00488281250000000
0.00390625000000000
0.00439453125000000
0.00311279296875000
0.00323486328125000
0.00189208984375000
0.00238037109375000
0.00140380859375000
0.00170898437500000
0.00085449218750000
0.00213623046875000
0.00225830078125000
0.00463867187500000
0.00549316406250000
0.00738525390625000
0.00811767578125000
0.00897216796875000
0.00958251953125000
0.00939941406250000
0.00933837890625000
0.00872802734375000
0.01013183593750000
0.01141357421875000
0.01391601562500000
0.01544189453125000
0.01910400390625000
0.02136230468750000
0.02502441406250000
0.02435302734375000
0.02484130859375000
0.02459716796875000
0.02545166015625000
0.02636718750000000
0.02911376953125000
0.03088378906250000
0.03363037109375000
0.03601074218750000
0.03784179687500000
0.03887939453125000
0.03961181640625000
0.03991699218750000
0.03753662109375000
0.03680419921875000
0.03509521484375000
0.03540039062500000
0.03686523437500000
0.03979492187500000
0.04003906250000000
0.04144287109375000
0.03991699218750000
0.03930664062500000
0.03747558593750000
0.03619384765625000
0.03295898437500000
0.03094482421875000
0.02874755859375000
0.02709960937500000
0.02673339843750000
0.02819824218750000
0.02935791015625000
0.03002929687500000
0.03009033203125000
0.02734375000000000
0.02569580078125000
0.02209472656250000
0.01989746093750000
0.01654052734375000
0.01568603515625000
0.01397705078125000
0.01422119140625000
0.01348876953125000
0.01422119140625000
0.01318359375000000
0.01361083984375000
0.01245117187500000
0.01123046875000000
0.00885009765625000
0.00640869140625000
0.00445556640625000
0.00256347656250000
0.00158691406250000
0.00061035156250000
0.00103759765625000
0.00006103515625000
0.00042724609375000
-0.00128173828125000
-0.00158691406250000
-0.00402832031250000
-0.00512695312500000
-0.00799560546875000
-0.00915527343750000
-0.01171875000000000
-0.01202392578125000
-0.01348876953125000
-0.01373291015625000
-0.01422119140625000
-0.01483154296875000
-0.01593017578125000
-0.01806640625000000
-0.02056884765625000
-0.02319335937500000
-0.02416992187500000
-0.02606201171875000
-0.02612304687500000
-0.02758789062500000
-0.02795410156250000
-0.02929687500000000
-0.02789306640625000
-0.02868652343750000
-0.02844238281250000
-0.02929687500000000
-0.03009033203125000
-0.03277587890625000
-0.03417968750000000
-0.03637695312500000
-0.03515625000000000
-0.03338623046875000
-0.03320312500000000
-0.03247070312500000
-0.03125000000000000
-0.02978515625000000
-0.02886962890625000
-0.02661132812500000
-0.02624511718750000
-0.02593994140625000
-0.02673339843750000
-0.02581787109375000
-0.02655029296875000
-0.02423095703125000
-0.02282714843750000
-0.02020263671875000
-0.01953125000000000
-0.01770019531250000
-0.01708984375000000
-0.01544189453125000
-0.01507568359375000
-0.01446533203125000
-0.01422119140625000
-0.01385498046875000
-0.01300048828125000
-0.01214599609375000
-0.00988769531250000
-0.00909423828125000
-0.00738525390625000
-0.00683593750000000
-0.00537109375000000
-0.00567626953125000
-0.00433349609375000
-0.00518798828125000
-0.00457763671875000
-0.00579833984375000
-0.00482177734375000
-0.00476074218750000
-0.00341796875000000
-0.00238037109375000
-0.00061035156250000
0.00018310546875000
0.00085449218750000
0.00115966796875000
0.00079345703125000
0.00091552734375000
0.00000000000000000
0.00018310546875000
-0.00073242187500000
0.00048828125000000
0.00054931640625000
0.00219726562500000
0.00238037109375000
0.00390625000000000
0.00347900390625000
0.00415039062500000
0.00262451171875000
0.00305175781250000
0.00262451171875000
0.00280761718750000
0.00250244140625000
0.00292968750000000
0.00317382812500000
0.00360107421875000
0.00396728515625000
0.00396728515625000
0.00451660156250000
0.00299072265625000
0.00329589843750000
0.00195312500000000
0.00213623046875000
0.00109863281250000
0.00170898437500000
0.00091552734375000
0.00158691406250000
0.00042724609375000
0.00097656250000000
0.00012207031250000
0.00030517578125000
-0.00122070312500000
-0.00231933593750000
-0.00354003906250000
-0.00439453125000000
-0.00549316406250000
-0.00634765625000000
-0.00573730468750000
-0.00616455078125000
-0.00573730468750000
-0.00659179687500000
-0.00653076171875000
-0.00854492187500000
-0.00915527343750000
-0.01141357421875000
-0.01147460937500000
-0.01287841796875000
-0.01232910156250000
-0.01293945312500000
-0.01239013671875000
-0.01312255859375000
-0.01293945312500000
-0.01336669921875000
-0.01361083984375000
-0.01440429687500000
-0.01519775390625000
-0.01562500000000000
-0.01641845703125000
-0.01580810546875000
-0.01605224609375000
-0.01489257812500000
-0.01501464843750000
-0.01440429687500000
-0.01556396484375000
-0.01501464843750000
-0.01635742187500000
-0.01580810546875000
-0.01690673828125000
-0.01660156250000000
-0.01733398437500000
-0.01654052734375000
-0.01641845703125000
-0.01525878906250000
-0.01446533203125000
-0.01409912109375000
-0.01416015625000000
-0.01483154296875000
-0.01550292968750000
-0.01641845703125000
-0.01550292968750000
-0.01599121093750000
-0.01507568359375000
-0.01519775390625000
-0.01354980468750000
-0.01403808593750000
-0.01275634765625000
-0.01300048828125000
-0.01214599609375000
-0.01306152343750000
-0.01293945312500000
-0.01397705078125000
-0.01324462890625000
-0.01318359375000000
-0.01251220703125000
-0.01196289062500000
-0.01196289062500000
-0.01159667968750000
-0.01153564453125000
-0.01086425781250000
-0.01147460937500000
-0.01086425781250000
-0.01135253906250000
-0.01013183593750000
-0.01080322265625000
-0.00982666015625000
-0.01043701171875000
-0.00946044921875000
-0.00976562500000000
-0.00836181640625000
-0.00903320312500000
-0.00878906250000000
-0.00964355468750000
-0.00952148437500000
-0.00915527343750000
-0.00854492187500000
-0.00811767578125000
-0.00842285156250000
-0.00823974609375000
-0.00817871093750000
-0.00689697265625000
-0.00720214843750000
-0.00659179687500000
-0.00781250000000000
-0.00738525390625000
-0.00848388671875000
-0.00769042968750000
-0.00830078125000000
-0.00695800781250000
-0.00738525390625000
-0.00726318359375000
-0.00817871093750000
-0.00744628906250000
-0.00762939453125000
-0.00775146484375000
-0.00787353515625000
-0.00769042968750000
-0.00762939453125000
-0.00836181640625000
-0.00775146484375000
-0.00836181640625000
-0.00781250000000000
-0.00830078125000000
-0.00726318359375000
-0.00817871093750000
-0.00769042968750000
-0.00885009765625000
-0.00799560546875000
-0.00878906250000000
-0.00854492187500000
-0.00903320312500000
-0.00805664062500000
-0.00848388671875000
-0.00842285156250000
-0.00842285156250000
-0.00762939453125000
-0.00714111328125000
-0.00787353515625000
-0.00885009765625000
-0.00982666015625000
-0.00860595703125000
-0.00878906250000000
-0.00799560546875000
-0.00830078125000000
-0.00683593750000000
-0.00744628906250000
-0.00616455078125000
-0.00628662109375000
-0.00537109375000000
-0.00610351562500000
-0.00543212890625000
-0.00653076171875000
-0.00610351562500000
-0.00549316406250000
-0.00445556640625000
-0.00415039062500000
-0.00433349609375000
-0.00427246093750000
-0.00463867187500000
-0.00390625000000000
-0.00305175781250000
-0.00152587890625000
-0.00311279296875000
-0.00213623046875000
-0.00195312500000000
-0.00115966796875000
-0.00238037109375000
-0.00122070312500000
-0.00122070312500000
-0.00073242187500000
-0.00140380859375000
0.00103759765625000
0.00134277343750000
-0.00024414062500000
-0.00158691406250000
-0.00103759765625000
-0.00073242187500000
-0.00152587890625000
-0.00103759765625000
-0.00024414062500000
0.00103759765625000
0.00000000000000000
0.00067138671875000
-0.00024414062500000
-0.00030517578125000
-0.00134277343750000
0.00030517578125000
-0.00036621093750000
-0.00024414062500000
-0.00073242187500000
0.00018310546875000
-0.00122070312500000
-0.00115966796875000
-0.00115966796875000
-0.00061035156250000
-0.00024414062500000
0.00012207031250000
0.00091552734375000
0.00109863281250000
0.00177001953125000
0.00097656250000000
0.00109863281250000
-0.00012207031250000
0.00024414062500000
-0.00103759765625000
0.00012207031250000
-0.00061035156250000
0.00030517578125000
0.00018310546875000
0.00085449218750000
-0.00024414062500000
0.00036621093750000
0.00067138671875000
0.00109863281250000
0.00006103515625000
-0.00036621093750000
-0.00036621093750000
-0.00122070312500000
-0.00189208984375000
-0.00250244140625000
-0.00097656250000000
-0.00134277343750000
-0.00048828125000000
-0.00042724609375000
0.00115966796875000
0.00024414062500000
-0.00042724609375000
-0.00299072265625000
-0.00286865234375000
-0.00421142578125000
-0.00390625000000000
-0.00384521484375000
-0.00280761718750000
-0.00299072265625000
-0.00280761718750000
-0.00341796875000000
-0.00439453125000000
-0.00476074218750000
-0.00543212890625000
-0.00524902343750000
-0.00628662109375000
-0.00567626953125000
-0.00573730468750000
-0.00445556640625000
-0.00512695312500000
-0.00457763671875000
-0.00628662109375000
-0.00622558593750000
-0.00695800781250000
-0.00646972656250000
-0.00750732421875000
-0.00592041015625000
-0.00427246093750000
-0.00207519531250000
0.00012207031250000
0.00274658203125000
0.00500488281250000
0.00714111328125000
0.00836181640625000
0.00714111328125000
0.00762939453125000
0.00714111328125000
0.00878906250000000
0.01000976562500000
0.01477050781250000
0.01794433593750000
0.02221679687500000
0.02508544921875000
0.02972412109375000
0.03192138671875000
0.03417968750000000
0.03424072265625000
0.03558349609375000
0.03662109375000000
0.03613281250000000
0.03820800781250000
0.04284667968750000
0.04803466796875000
0.05364990234375000
0.05786132812500000
0.05615234375000000
0.05535888671875000
0.05456542968750000
0.05493164062500000
0.05419921875000000
0.05523681640625000
0.05316162109375000
0.05340576171875000
0.05529785156250000
0.05792236328125000
0.06018066406250000
0.06451416015625000
0.06365966796875000
0.06115722656250000
0.05792236328125000
0.05395507812500000
0.05212402343750000
0.05163574218750000
0.05004882812500000
0.04766845703125000
0.04760742187500000
0.04711914062500000
0.04785156250000000
0.04876708984375000
0.05047607421875000
0.04705810546875000
0.04486083984375000
0.03997802734375000
0.03656005859375000
0.03417968750000000
0.03363037109375000
0.03216552734375000
0.03240966796875000
0.03131103515625000
0.03076171875000000
0.03027343750000000
0.02960205078125000
0.02801513671875000
0.02526855468750000
0.02282714843750000
0.01892089843750000
0.01672363281250000
0.01391601562500000
0.01257324218750000
0.01062011718750000
0.01074218750000000
0.00860595703125000
0.00842285156250000
0.00646972656250000
0.00622558593750000
0.00366210937500000
0.00122070312500000
-0.00201416015625000
-0.00408935546875000
-0.00659179687500000
-0.00848388671875000
-0.00964355468750000
-0.01055908203125000
-0.01031494140625000
-0.01153564453125000
-0.01190185546875000
-0.01416015625000000
-0.01599121093750000
-0.01971435546875000
-0.02185058593750000
-0.02514648437500000
-0.02526855468750000
-0.02600097656250000
-0.02478027343750000
-0.02471923828125000
-0.02404785156250000
-0.02459716796875000
-0.02447509765625000
-0.02520751953125000
-0.02624511718750000
-0.02795410156250000
-0.02911376953125000
-0.03051757812500000
-0.03094482421875000
-0.02856445312500000
-0.02734375000000000
-0.02423095703125000
-0.02276611328125000
-0.02136230468750000
-0.02136230468750000
-0.02014160156250000
-0.02136230468750000
-0.02081298828125000
-0.02166748046875000
-0.02148437500000000
-0.02252197265625000
-0.02099609375000000
-0.02001953125000000
-0.01757812500000000
-0.01550292968750000
-0.01446533203125000
-0.01385498046875000
-0.01409912109375000
-0.01446533203125000
-0.01556396484375000
-0.01519775390625000
-0.01556396484375000
-0.01428222656250000
-0.01422119140625000
-0.01196289062500000
-0.01104736328125000
-0.00817871093750000
-0.00781250000000000
-0.00683593750000000
-0.00775146484375000
-0.00805664062500000
-0.00982666015625000
-0.00970458984375000
-0.00970458984375000
-0.00891113281250000
-0.00762939453125000
-0.00616455078125000
-0.00408935546875000
-0.00274658203125000
-0.00103759765625000
-0.00079345703125000
-0.00061035156250000
-0.00213623046875000
-0.00183105468750000
-0.00292968750000000
-0.00207519531250000
-0.00256347656250000
-0.00048828125000000
0.00036621093750000
0.00292968750000000
0.00372314453125000
0.00506591796875000
0.00476074218750000
0.00433349609375000
0.00286865234375000
0.00183105468750000
0.00158691406250000
0.00146484375000000
0.00231933593750000
0.00250244140625000
0.00390625000000000
0.00366210937500000
0.00451660156250000
0.00384521484375000
0.00354003906250000
0.00134277343750000
0.00115966796875000
-0.00061035156250000
-0.00030517578125000
-0.00128173828125000
-0.00036621093750000
-0.00079345703125000
-0.00030517578125000
-0.00036621093750000
-0.00048828125000000
-0.00103759765625000
-0.00207519531250000
-0.00299072265625000
-0.00390625000000000
-0.00421142578125000
-0.00537109375000000
-0.00463867187500000
-0.00512695312500000
-0.00396728515625000
-0.00445556640625000
-0.00341796875000000
-0.00469970703125000
-0.00500488281250000
-0.00683593750000000
-0.00671386718750000
-0.00805664062500000
-0.00817871093750000
-0.00909423828125000
-0.00866699218750000
-0.00842285156250000
-0.00872802734375000
-0.00866699218750000
-0.00909423828125000
-0.00933837890625000
-0.01031494140625000
-0.01019287109375000
-0.01153564453125000
-0.01159667968750000
-0.01275634765625000
-0.01208496093750000
-0.01324462890625000
-0.01220703125000000
-0.01275634765625000
-0.01177978515625000
-0.01239013671875000
-0.01275634765625000
-0.01409912109375000
-0.01422119140625000
-0.01519775390625000
-0.01525878906250000
-0.01525878906250000
-0.01531982421875000
-0.01483154296875000
-0.01483154296875000
-0.01379394531250000
-0.01354980468750000
-0.01257324218750000
-0.01354980468750000
-0.01312255859375000
-0.01458740234375000
-0.01464843750000000
-0.01574707031250000
-0.01452636718750000
-0.01489257812500000
-0.01397705078125000
-0.01440429687500000
-0.01330566406250000
-0.01330566406250000
-0.01300048828125000
-0.01287841796875000
-0.01293945312500000
-0.01354980468750000
-0.01446533203125000
-0.01464843750000000
-0.01513671875000000
-0.01391601562500000
-0.01391601562500000
-0.01269531250000000
-0.01306152343750000
-0.01202392578125000
-0.01300048828125000
-0.01202392578125000
-0.01232910156250000
-0.01184082031250000
-0.01306152343750000
-0.01245117187500000
-0.01300048828125000
-0.01220703125000000
-0.01220703125000000
-0.01159667968750000
-0.01123046875000000
-0.01141357421875000
-0.01135253906250000
-0.01153564453125000
-0.01049804687500000
-0.01086425781250000
-0.00994873046875000
-0.01049804687500000
-0.01025390625000000
-0.01135253906250000
-0.01031494140625000
-0.01086425781250000
-0.00952148437500000
-0.00982666015625000
-0.00903320312500000
-0.00970458984375000
-0.00939941406250000
-0.01019287109375000
-0.01000976562500000
-0.00976562500000000
-0.00958251953125000
-0.00994873046875000
-0.01013183593750000
-0.00939941406250000
-0.00970458984375000
-0.00885009765625000
-0.00939941406250000
-0.00897216796875000
-0.00976562500000000
-0.00909423828125000
-0.01007080078125000
-0.00933837890625000
-0.01043701171875000
-0.00946044921875000
-0.01037597656250000
-0.01068115234375000
-0.01177978515625000
-0.01104736328125000
-0.01068115234375000
-0.01037597656250000
-0.01037597656250000
-0.01037597656250000
-0.01055908203125000
-0.01098632812500000
-0.01037597656250000
-0.01080322265625000
-0.00952148437500000
-0.00976562500000000
-0.00921630859375000
-0.00970458984375000
-0.00811767578125000
-0.00909423828125000
-0.00842285156250000
-0.00878906250000000
-0.00781250000000000
-0.00860595703125000
-0.00787353515625000
-0.00799560546875000
-0.00756835937500000
-0.00756835937500000
-0.00714111328125000
-0.00677490234375000
-0.00689697265625000
-0.00695800781250000
-0.00781250000000000
-0.00659179687500000
-0.00671386718750000
-0.00598144531250000
-0.00665283203125000
-0.00592041015625000
-0.00677490234375000
-0.00543212890625000
-0.00628662109375000
-0.00567626953125000
-0.00598144531250000
-0.00457763671875000
-0.00445556640625000
-0.00366210937500000
-0.00372314453125000
-0.00384521484375000
-0.00445556640625000
-0.00482177734375000
-0.00494384765625000
-0.00469970703125000
-0.00341796875000000
-0.00408935546875000
-0.00323486328125000
-0.00347900390625000
-0.00250244140625000
-0.00347900390625000
-0.00274658203125000
-0.00390625000000000
-0.00317382812500000
-0.00415039062500000
-0.00354003906250000
-0.00354003906250000
-0.00274658203125000
-0.00341796875000000
-0.00299072265625000
-0.00323486328125000
-0.00384521484375000
-0.00360107421875000
-0.00262451171875000
-0.00231933593750000
-0.00366210937500000
-0.00231933593750000
-0.00244140625000000
-0.00250244140625000
-0.00372314453125000
-0.00250244140625000
-0.00256347656250000
-0.00146484375000000
-0.00268554687500000
-0.00213623046875000
-0.00250244140625000
-0.00177001953125000
-0.00317382812500000
-0.00292968750000000
-0.00250244140625000
-0.00122070312500000
-0.00061035156250000
-0.00109863281250000
-0.00079345703125000
-0.00122070312500000
-0.00256347656250000
-0.00482177734375000
-0.00433349609375000
-0.00549316406250000
-0.00494384765625000
-0.00494384765625000
-0.00360107421875000
-0.00512695312500000
-0.00500488281250000
-0.00616455078125000
-0.00567626953125000
-0.00677490234375000
-0.00744628906250000
-0.00854492187500000
-0.00799560546875000
-0.00799560546875000
-0.00817871093750000
-0.00659179687500000
-0.00335693359375000
0.00036621093750000
0.00268554687500000
0.00579833984375000
0.00762939453125000
0.00946044921875000
0.00854492187500000
0.01068115234375000
0.01013183593750000
0.01159667968750000
0.01397705078125000
0.01953125000000000
0.02465820312500000
0.03131103515625000
0.03692626953125000
0.04431152343750000
0.04846191406250000
0.04925537109375000
0.05108642578125000
0.05285644531250000
0.05499267578125000
0.05541992187500000
0.05743408203125000
0.05987548828125000
0.06579589843750000
0.07202148437500000
0.07861328125000000
0.08416748046875000
0.08868408203125000
0.08453369140625000
0.07965087890625000
0.07586669921875000
0.07342529296875000
0.07165527343750000
0.07464599609375000
0.07690429687500000
0.07788085937500000
0.07958984375000000
0.08129882812500000
0.08190917968750000
0.08441162109375000
0.08233642578125000
0.07482910156250000
0.07049560546875000
0.06420898437500000
0.05969238281250000
0.05816650390625000
0.05926513671875000
0.05932617187500000
0.06188964843750000
0.06146240234375000
0.06164550781250000
0.06140136718750000
0.06164550781250000
0.05712890625000000
0.05255126953125000
0.04669189453125000
0.04058837890625000
0.03735351562500000
0.03692626953125000
0.03601074218750000
0.03625488281250000
0.03631591796875000
0.03332519531250000
0.03106689453125000
0.02728271484375000
0.02453613281250000
0.01940917968750000
0.01562500000000000
0.01086425781250000
0.00921630859375000
0.00671386718750000
0.00616455078125000
0.00482177734375000
0.00512695312500000
0.00292968750000000
0.00122070312500000
-0.00177001953125000
-0.00579833984375000
-0.00939941406250000
-0.01318359375000000
-0.01593017578125000
-0.01849365234375000
-0.01873779296875000
-0.01977539062500000
-0.01916503906250000
-0.02136230468750000
-0.02239990234375000
-0.02563476562500000
-0.02795410156250000
-0.03131103515625000
-0.03387451171875000
-0.03747558593750000
-0.03900146484375000
-0.04119873046875000
-0.04003906250000000
-0.03826904296875000
-0.03692626953125000
-0.03540039062500000
-0.03540039062500000
-0.03662109375000000
-0.03765869140625000
-0.03778076171875000
-0.03875732421875000
-0.03820800781250000
-0.03887939453125000
-0.03845214843750000
-0.03857421875000000
-0.03485107421875000
-0.03283691406250000
-0.02935791015625000
-0.02740478515625000
-0.02630615234375000
-0.02746582031250000
-0.02709960937500000
-0.02752685546875000
-0.02661132812500000
-0.02679443359375000
-0.02642822265625000
-0.02539062500000000
-0.02435302734375000
-0.02215576171875000
-0.02117919921875000
-0.01916503906250000
-0.01861572265625000
-0.01776123046875000
-0.01861572265625000
-0.01837158203125000
-0.01916503906250000
-0.01666259765625000
-0.01550292968750000
-0.01269531250000000
-0.01171875000000000
-0.00927734375000000
-0.00793457031250000
-0.00665283203125000
-0.00689697265625000
-0.00665283203125000
-0.00689697265625000
-0.00726318359375000
-0.00769042968750000
-0.00830078125000000
-0.00592041015625000
-0.00317382812500000
0.00067138671875000
0.00317382812500000
0.00659179687500000
0.00732421875000000
0.00976562500000000
0.00909423828125000
0.01013183593750000
0.00982666015625000
0.01049804687500000
0.01043701171875000
0.01153564453125000
0.01190185546875000
0.01287841796875000
0.01373291015625000
0.01568603515625000
0.01794433593750000
0.01904296875000000
0.01861572265625000
0.01611328125000000
0.01391601562500000
0.01019287109375000
0.00842285156250000
0.00573730468750000
0.00433349609375000
0.00183105468750000
0.00183105468750000
-0.00006103515625000
0.00000000000000000
-0.00170898437500000
-0.00256347656250000
-0.00457763671875000
-0.00524902343750000
-0.00598144531250000
-0.00524902343750000
-0.00433349609375000
-0.00384521484375000
-0.00292968750000000
-0.00274658203125000
-0.00268554687500000
-0.00372314453125000
-0.00354003906250000
-0.00500488281250000
-0.00518798828125000
-0.00689697265625000
-0.00555419921875000
-0.00555419921875000
-0.00396728515625000
-0.00439453125000000
-0.00390625000000000
-0.00531005859375000
-0.00604248046875000
-0.00817871093750000
-0.00958251953125000
-0.01092529296875000
-0.01208496093750000
-0.01306152343750000
-0.01452636718750000
-0.01617431640625000
-0.01916503906250000
-0.01965332031250000
-0.02124023437500000
-0.02227783203125000
-0.02453613281250000
-0.02441406250000000
-0.02490234375000000
-0.02258300781250000
-0.02294921875000000
-0.02313232421875000
-0.02465820312500000
-0.02575683593750000
-0.02795410156250000
-0.02789306640625000
-0.02734375000000000
-0.02624511718750000
-0.02545166015625000
-0.02502441406250000
-0.02502441406250000
-0.02404785156250000
-0.02185058593750000
-0.02050781250000000
-0.01751708984375000
-0.01654052734375000
-0.01495361328125000
-0.01489257812500000
-0.01300048828125000
-0.01403808593750000
-0.01336669921875000
-0.01416015625000000
-0.01458740234375000
-0.01623535156250000
-0.01568603515625000
-0.01586914062500000
-0.01489257812500000
-0.01446533203125000
-0.01452636718750000
-0.01477050781250000
-0.01544189453125000
-0.01550292968750000
-0.01635742187500000
-0.01617431640625000
-0.01739501953125000
-0.01696777343750000
-0.01818847656250000
-0.01849365234375000
-0.02032470703125000
-0.01934814453125000
-0.01965332031250000
-0.01885986328125000
-0.01910400390625000
-0.01782226562500000
-0.01824951171875000
-0.01733398437500000
-0.01757812500000000
-0.01776123046875000
-0.01794433593750000
-0.01849365234375000
-0.01867675781250000
-0.01873779296875000
-0.01782226562500000
-0.01794433593750000
-0.01660156250000000
-0.01684570312500000
-0.01629638671875000
-0.01788330078125000
-0.01751708984375000
-0.01837158203125000
-0.01745605468750000
-0.01831054687500000
-0.01812744140625000
-0.01916503906250000
-0.01831054687500000
-0.01837158203125000
-0.01837158203125000
-0.01885986328125000
-0.01940917968750000
-0.02044677734375000
-0.02124023437500000
-0.02124023437500000
-0.02160644531250000
-0.02014160156250000
-0.01983642578125000
-0.01800537109375000
-0.01776123046875000
-0.01696777343750000
-0.01800537109375000
-0.01672363281250000
-0.01751708984375000
-0.01727294921875000
-0.01782226562500000
-0.01727294921875000
-0.01782226562500000
-0.01684570312500000
-0.01678466796875000
-0.01550292968750000
-0.01434326171875000
-0.01367187500000000
-0.01281738281250000
-0.01251220703125000
-0.01110839843750000
-0.01074218750000000
-0.00952148437500000
-0.01000976562500000
-0.00939941406250000
-0.01068115234375000
-0.00988769531250000
-0.01086425781250000
-0.00988769531250000
-0.01031494140625000
-0.01013183593750000
-0.01165771484375000
-0.01104736328125000
-0.01092529296875000
-0.01031494140625000
-0.01007080078125000
-0.00976562500000000
-0.00976562500000000
-0.00994873046875000
-0.00897216796875000
-0.00927734375000000
-0.00958251953125000
-0.01092529296875000
-0.01055908203125000
-0.01239013671875000
-0.01336669921875000
-0.01562500000000000
-0.01489257812500000
-0.01525878906250000
-0.01354980468750000
-0.01428222656250000
-0.01428222656250000
-0.01501464843750000
-0.01458740234375000
-0.01470947265625000
-0.01397705078125000
-0.01324462890625000
-0.01446533203125000
-0.01702880859375000
-0.01910400390625000
-0.01879882812500000
-0.01849365234375000
-0.01666259765625000
-0.01702880859375000
-0.01715087890625000
-0.01849365234375000
-0.01599121093750000
-0.01513671875000000
-0.01324462890625000
-0.01275634765625000
-0.01226806640625000
-0.01416015625000000
-0.01544189453125000
-0.01757812500000000
-0.01635742187500000
-0.01416015625000000
-0.01220703125000000
-0.01208496093750000
-0.01263427734375000
-0.01086425781250000
-0.00952148437500000
-0.00836181640625000
-0.00823974609375000
-0.00531005859375000
-0.00439453125000000
-0.00408935546875000
-0.00714111328125000
-0.00769042968750000
-0.01000976562500000
-0.00714111328125000
-0.00671386718750000
-0.00640869140625000
-0.00488281250000000
0.00567626953125000
0.02221679687500000
0.03979492187500000
0.05993652343750000
0.08386230468750000
0.11120605468750000
0.13305664062500000
0.15051269531250000
0.15069580078125000
0.15582275390625000
0.16943359375000000
0.18023681640625000
0.18450927734375000
0.19836425781250000
0.21527099609375000
0.23474121093750000
0.25634765625000000
0.26635742187500000
0.27972412109375000
0.28521728515625000
0.28350830078125000
0.26885986328125000
0.24487304687500000
0.22576904296875000
0.20452880859375000
0.19018554687500000
0.16326904296875000
0.14147949218750000
0.12951660156250000
0.11822509765625000
0.10906982421875000
0.09796142578125000
0.09124755859375000
0.08331298828125000
0.07928466796875000
0.06903076171875000
0.05993652343750000
0.05273437500000000
0.04876708984375000
0.04132080078125000
0.03588867187500000
0.02960205078125000
0.02490234375000000
0.02105712890625000
0.01708984375000000
0.01324462890625000
0.01092529296875000
0.01092529296875000
0.00964355468750000
0.00976562500000000
0.00781250000000000
0.00714111328125000
0.00274658203125000
-0.00079345703125000
-0.00720214843750000
-0.01153564453125000
-0.01739501953125000
-0.02270507812500000
-0.03033447265625000
-0.03607177734375000
-0.03906250000000000
-0.04071044921875000
-0.04205322265625000
-0.04498291015625000
-0.04699707031250000
-0.04724121093750000
-0.04742431640625000
-0.04754638671875000
-0.04443359375000000
-0.04058837890625000
-0.03674316406250000
-0.03485107421875000
-0.03387451171875000
-0.03320312500000000
-0.02667236328125000
-0.02270507812500000
-0.01855468750000000
-0.01599121093750000
-0.01062011718750000
-0.00561523437500000
0.00079345703125000
0.00543212890625000
0.01135253906250000
0.01812744140625000
0.02343750000000000
0.02764892578125000
0.03027343750000000
0.03387451171875000
0.03479003906250000
0.03692626953125000
0.03723144531250000
0.03790283203125000
0.03839111328125000
0.04168701171875000
0.04248046875000000
0.04364013671875000
0.04541015625000000
0.04821777343750000
0.05035400390625000
0.05358886718750000
0.05206298828125000
0.04907226562500000
0.04541015625000000
0.04077148437500000
0.03497314453125000
0.02996826171875000
0.02551269531250000
0.02136230468750000
0.01953125000000000
0.01812744140625000
0.01922607421875000
0.01934814453125000
0.02075195312500000
0.01892089843750000
0.01916503906250000
0.01715087890625000
0.01550292968750000
0.01196289062500000
0.00946044921875000
0.00579833984375000
0.00335693359375000
-0.00024414062500000
-0.00250244140625000
-0.00488281250000000
-0.00677490234375000
-0.00830078125000000
-0.01104736328125000
-0.01220703125000000
-0.01477050781250000
-0.01605224609375000
-0.01983642578125000
-0.02307128906250000
-0.02893066406250000
-0.03179931640625000
-0.03625488281250000
-0.03887939453125000
-0.04260253906250000
-0.04718017578125000
-0.05224609375000000
-0.05523681640625000
-0.05828857421875000
-0.05914306640625000
-0.05712890625000000
-0.05596923828125000
-0.05596923828125000
-0.05474853515625000
-0.05310058593750000
-0.05010986328125000
-0.04473876953125000
-0.04125976562500000
-0.03820800781250000
-0.03558349609375000
-0.03173828125000000
-0.02905273437500000
-0.02362060546875000
-0.02038574218750000
-0.01525878906250000
-0.01257324218750000
-0.00842285156250000
-0.00628662109375000
-0.00268554687500000
0.00036621093750000
0.00390625000000000
0.00720214843750000
0.00939941406250000
0.01202392578125000
0.01385498046875000
0.01593017578125000
0.01580810546875000
0.01672363281250000
0.01635742187500000
0.01733398437500000
0.01672363281250000
0.01800537109375000
0.01782226562500000
0.01928710937500000
0.01965332031250000
0.02069091796875000
0.01989746093750000
0.01989746093750000
0.01824951171875000
0.01721191406250000
0.01531982421875000
0.01336669921875000
0.01196289062500000
0.01043701171875000
0.00897216796875000
0.00726318359375000
0.00695800781250000
0.00567626953125000
0.00598144531250000
0.00433349609375000
0.00427246093750000
0.00262451171875000
0.00274658203125000
0.00085449218750000
0.00036621093750000
-0.00219726562500000
-0.00384521484375000
-0.00726318359375000
-0.00964355468750000
-0.01287841796875000
-0.01568603515625000
-0.01824951171875000
-0.02062988281250000
-0.02264404296875000
-0.02490234375000000
-0.02453613281250000
-0.02642822265625000
-0.02740478515625000
-0.03051757812500000
-0.03417968750000000
-0.03845214843750000
-0.03997802734375000
-0.04315185546875000
-0.04321289062500000
-0.04321289062500000
-0.04382324218750000
-0.04498291015625000
-0.04351806640625000
-0.04217529296875000
-0.03894042968750000
-0.03619384765625000
-0.03417968750000000
-0.03326416015625000
-0.03118896484375000
-0.02893066406250000
-0.02746582031250000
-0.02441406250000000
-0.02313232421875000
-0.02105712890625000
-0.02032470703125000
-0.01812744140625000
-0.01794433593750000
-0.01525878906250000
-0.01483154296875000
-0.01318359375000000
-0.01300048828125000
-0.01141357421875000
-0.01129150390625000
-0.01043701171875000
-0.01062011718750000
-0.01055908203125000
-0.01080322265625000
-0.01147460937500000
-0.01220703125000000
-0.01354980468750000
-0.01318359375000000
-0.01318359375000000
-0.01226806640625000
-0.01275634765625000
-0.01104736328125000
-0.01037597656250000
-0.00823974609375000
-0.00817871093750000
-0.00689697265625000
-0.00701904296875000
-0.00567626953125000
-0.00610351562500000
-0.00561523437500000
-0.00634765625000000
-0.00567626953125000
-0.00579833984375000
-0.00628662109375000
-0.00659179687500000
-0.00708007812500000
-0.00653076171875000
-0.00689697265625000
-0.00598144531250000
-0.00622558593750000
-0.00543212890625000
-0.00646972656250000
-0.00622558593750000
-0.00842285156250000
-0.00903320312500000
-0.01147460937500000
-0.01239013671875000
-0.01458740234375000
-0.01519775390625000
-0.01690673828125000
-0.01782226562500000
-0.01904296875000000
-0.01953125000000000
-0.01971435546875000
-0.01983642578125000
-0.01995849609375000
-0.02056884765625000
-0.02032470703125000
-0.02093505859375000
-0.02008056640625000
-0.02142333984375000
-0.02172851562500000
-0.02264404296875000
-0.02203369140625000
-0.02423095703125000
-0.02404785156250000
-0.02496337890625000
-0.02496337890625000
-0.02606201171875000
-0.02478027343750000
-0.02502441406250000
-0.02526855468750000
-0.02471923828125000
-0.02484130859375000
-0.02661132812500000
-0.02716064453125000
-0.02618408203125000
-0.02703857421875000
-0.02697753906250000
-0.02850341796875000
-0.02856445312500000
-0.02703857421875000
-0.02270507812500000
-0.02209472656250000
-0.02203369140625000
-0.02343750000000000
-0.02185058593750000
-0.02142333984375000
-0.01904296875000000
-0.01892089843750000
-0.02044677734375000
-0.02301025390625000
-0.02386474609375000
-0.02532958984375000
-0.02587890625000000
-0.02392578125000000
-0.02282714843750000
-0.02252197265625000
-0.02514648437500000
-0.02532958984375000
-0.02478027343750000
-0.02331542968750000
-0.02362060546875000
-0.02215576171875000
-0.02325439453125000
-0.02276611328125000
-0.02404785156250000
-0.02294921875000000
-0.02191162109375000
-0.02093505859375000
-0.02191162109375000
-0.02209472656250000
-0.02227783203125000
-0.02001953125000000
-0.01867675781250000
-0.01684570312500000
-0.01275634765625000
-0.00933837890625000
-0.00372314453125000
0.00390625000000000
0.02209472656250000
0.04003906250000000
0.06964111328125000
0.09576416015625000
0.13146972656250000
0.16088867187500000
0.18524169921875000
0.21600341796875000
0.23730468750000000
0.26031494140625000
0.27325439453125000
0.27935791015625000
0.27435302734375000
0.27215576171875000
0.27288818359375000
0.27148437500000000
0.27636718750000000
0.26959228515625000
0.25012207031250000
0.22534179687500000
0.21313476562500000
0.19641113281250000
0.17773437500000000
0.15673828125000000
0.12725830078125000
0.10589599609375000
0.08160400390625000
0.06463623046875000
0.05187988281250000
0.04949951171875000
0.04272460937500000
0.03582763671875000
0.03009033203125000
0.02899169921875000
0.03118896484375000
0.03149414062500000
0.03088378906250000
0.02667236328125000
0.02392578125000000
0.02038574218750000
0.01800537109375000
0.01361083984375000
0.01055908203125000
0.00695800781250000
0.00500488281250000
-0.00054931640625000
-0.00347900390625000
-0.00689697265625000
-0.00708007812500000
-0.00946044921875000
-0.01220703125000000
-0.01721191406250000
-0.02239990234375000
-0.02752685546875000
-0.03552246093750000
-0.04199218750000000
-0.04998779296875000
-0.05529785156250000
-0.06231689453125000
-0.06573486328125000
-0.06713867187500000
-0.06970214843750000
-0.06976318359375000
-0.06604003906250000
-0.05938720703125000
-0.04907226562500000
-0.03997802734375000
-0.03076171875000000
-0.02490234375000000
-0.01550292968750000
-0.00891113281250000
-0.00030517578125000
0.00463867187500000
0.00994873046875000
0.01751708984375000
0.02441406250000000
0.03430175781250000
0.04077148437500000
0.05041503906250000
0.05731201171875000
0.06604003906250000
0.07556152343750000
0.08587646484375000
0.09381103515625000
0.09710693359375000
0.09356689453125000
0.08752441406250000
0.08636474609375000
0.08673095703125000
0.08197021484375000
0.07733154296875000
0.06829833984375000
0.06079101562500000
0.05541992187500000
0.05352783203125000
0.05175781250000000
0.04992675781250000
0.04833984375000000
0.04406738281250000
0.04193115234375000
0.03936767578125000
0.03881835937500000
0.03674316406250000
0.03552246093750000
0.03100585937500000
0.02825927734375000
0.02520751953125000
0.02416992187500000
0.02166748046875000
0.02032470703125000
0.01794433593750000
0.01696777343750000
0.01379394531250000
0.01098632812500000
0.00842285156250000
0.00518798828125000
0.00219726562500000
-0.00256347656250000
-0.00683593750000000
-0.01422119140625000
-0.02020263671875000
-0.03027343750000000
-0.03839111328125000
-0.04901123046875000
-0.05609130859375000
-0.06414794921875000
-0.07208251953125000
-0.07708740234375000
-0.08258056640625000
-0.08801269531250000
-0.08917236328125000
-0.08679199218750000
-0.08453369140625000
-0.08129882812500000
-0.07843017578125000
-0.07763671875000000
-0.07183837890625000
-0.06463623046875000
-0.05743408203125000
-0.04962158203125000
-0.04321289062500000
-0.03619384765625000
-0.03027343750000000
-0.02178955078125000
-0.01702880859375000
-0.01080322265625000
-0.00744628906250000
-0.00195312500000000
0.00085449218750000
0.00402832031250000
0.00543212890625000
0.00726318359375000
0.00866699218750000
0.01025390625000000
0.01226806640625000
0.01312255859375000
0.01458740234375000
0.01507568359375000
0.01715087890625000
0.01831054687500000
0.02148437500000000
0.02410888671875000
0.02783203125000000
0.02850341796875000
0.03051757812500000
0.02990722656250000
0.02990722656250000
0.02954101562500000
0.03002929687500000
0.02850341796875000
0.02789306640625000
0.02661132812500000
0.02545166015625000
0.02471923828125000
0.02459716796875000
0.02337646484375000
0.02197265625000000
0.02117919921875000
0.01812744140625000
0.01611328125000000
0.01263427734375000
0.01068115234375000
0.00585937500000000
0.00225830078125000
-0.00268554687500000
-0.00561523437500000
-0.01074218750000000
-0.01367187500000000
-0.01776123046875000
-0.02056884765625000
-0.02429199218750000
-0.02752685546875000
-0.02966308593750000
-0.03234863281250000
-0.03521728515625000
-0.03833007812500000
-0.04064941406250000
-0.04290771484375000
-0.04211425781250000
-0.04272460937500000
-0.04357910156250000
-0.04357910156250000
-0.04180908203125000
-0.04174804687500000
-0.03839111328125000
-0.03637695312500000
-0.03350830078125000
-0.03173828125000000
-0.02935791015625000
-0.02935791015625000
-0.02728271484375000
-0.02600097656250000
-0.02423095703125000
-0.02301025390625000
-0.02197265625000000
-0.02087402343750000
-0.01995849609375000
-0.01818847656250000
-0.01788330078125000
-0.01617431640625000
-0.01550292968750000
-0.01324462890625000
-0.01312255859375000
-0.01135253906250000
-0.01129150390625000
-0.00903320312500000
-0.00860595703125000
-0.00732421875000000
-0.00732421875000000
-0.00604248046875000
-0.00604248046875000
-0.00494384765625000
-0.00415039062500000
-0.00311279296875000
-0.00183105468750000
-0.00134277343750000
-0.00030517578125000
0.00036621093750000
0.00183105468750000
0.00164794921875000
0.00262451171875000
0.00189208984375000
0.00262451171875000
0.00103759765625000
0.00091552734375000
-0.00128173828125000
-0.00177001953125000
-0.00360107421875000
-0.00408935546875000
-0.00616455078125000
-0.00714111328125000
-0.00811767578125000
-0.00854492187500000
-0.01025390625000000
-0.01220703125000000
-0.01257324218750000
-0.01354980468750000
-0.01354980468750000
-0.01519775390625000
-0.01635742187500000
-0.01837158203125000
-0.01831054687500000
-0.02001953125000000
-0.02075195312500000
-0.02239990234375000
-0.02124023437500000
-0.02172851562500000
-0.02111816406250000
-0.02172851562500000
-0.02081298828125000
-0.02136230468750000
-0.02130126953125000
-0.02252197265625000
-0.02471923828125000
-0.02545166015625000
-0.02587890625000000
-0.02740478515625000
-0.03094482421875000
-0.03131103515625000
-0.03179931640625000
-0.03106689453125000
-0.03118896484375000
-0.03015136718750000
-0.03070068359375000
-0.02801513671875000
-0.02673339843750000
-0.02587890625000000
-0.02709960937500000
-0.02679443359375000
-0.02770996093750000
-0.02722167968750000
-0.02752685546875000
-0.02734375000000000
-0.02636718750000000
-0.02453613281250000
-0.02337646484375000
-0.02416992187500000
-0.02294921875000000
-0.02081298828125000
-0.01885986328125000
-0.02001953125000000
-0.01843261718750000
-0.01702880859375000
-0.01629638671875000
-0.01983642578125000
-0.01965332031250000
-0.01824951171875000
-0.01562500000000000
-0.01763916015625000
-0.01959228515625000
-0.02124023437500000
-0.02081298828125000
-0.02130126953125000
-0.02331542968750000
-0.02453613281250000
-0.02581787109375000
-0.02734375000000000
-0.02758789062500000
-0.02313232421875000
-0.02355957031250000
-0.02612304687500000
-0.02630615234375000
-0.02319335937500000
-0.02490234375000000
-0.02600097656250000
-0.02667236328125000
-0.01916503906250000
-0.01794433593750000
-0.01489257812500000
-0.00659179687500000
0.01562500000000000
0.04608154296875000
0.07293701171875000
0.10351562500000000
0.14013671875000000
0.19189453125000000
0.21929931640625000
0.22467041015625000
0.21844482421875000
0.20788574218750000
0.20471191406250000
0.19366455078125000
0.18530273437500000
0.17626953125000000
0.16668701171875000
0.16290283203125000
0.16076660156250000
0.16003417968750000
0.15930175781250000
0.15917968750000000
0.14257812500000000
0.11907958984375000
0.09094238281250000
0.06811523437500000
0.05090332031250000
0.03955078125000000
0.02893066406250000
0.02148437500000000
0.02337646484375000
0.02642822265625000
0.02960205078125000
0.02996826171875000
0.03674316406250000
0.03906250000000000
0.04125976562500000
0.03942871093750000
0.03686523437500000
0.03643798828125000
0.03570556640625000
0.02917480468750000
0.02050781250000000
0.01147460937500000
0.00445556640625000
-0.00543212890625000
-0.01361083984375000
-0.02081298828125000
-0.02850341796875000
-0.03186035156250000
-0.03588867187500000
-0.03680419921875000
-0.04199218750000000
-0.04614257812500000
-0.05413818359375000
-0.06140136718750000
-0.06878662109375000
-0.07458496093750000
-0.07812500000000000
-0.08477783203125000
-0.08703613281250000
-0.08154296875000000
-0.07305908203125000
-0.05969238281250000
-0.04803466796875000
-0.03570556640625000
-0.02496337890625000
-0.01348876953125000
-0.00476074218750000
0.00158691406250000
0.00842285156250000
0.01287841796875000
0.01989746093750000
0.02392578125000000
0.02941894531250000
0.03070068359375000
0.03436279296875000
0.03533935546875000
0.03558349609375000
0.03686523437500000
0.04296875000000000
0.04870605468750000
0.05218505859375000
0.05450439453125000
0.05731201171875000
0.06127929687500000
0.06573486328125000
0.06591796875000000
0.06384277343750000
0.06121826171875000
0.05548095703125000
0.05157470703125000
0.04840087890625000
0.04974365234375000
0.05010986328125000
0.05407714843750000
0.05664062500000000
0.06170654296875000
0.06677246093750000
0.07171630859375000
0.07757568359375000
0.08325195312500000
0.08264160156250000
0.07562255859375000
0.06732177734375000
0.05841064453125000
0.04821777343750000
0.04028320312500000
0.02923583984375000
0.01959228515625000
0.01226806640625000
0.00573730468750000
0.00225830078125000
-0.00457763671875000
-0.00738525390625000
-0.01458740234375000
-0.01892089843750000
-0.02612304687500000
-0.03326416015625000
-0.04150390625000000
-0.05041503906250000
-0.05950927734375000
-0.06622314453125000
-0.06854248046875000
-0.07122802734375000
-0.07080078125000000
-0.06793212890625000
-0.06604003906250000
-0.06060791015625000
-0.05456542968750000
-0.04718017578125000
-0.03839111328125000
-0.03173828125000000
-0.02612304687500000
-0.02313232421875000
-0.01855468750000000
-0.01751708984375000
-0.01464843750000000
-0.01458740234375000
-0.01220703125000000
-0.01159667968750000
-0.00946044921875000
-0.00811767578125000
-0.00549316406250000
-0.00238037109375000
0.00036621093750000
0.00280761718750000
0.00469970703125000
0.00598144531250000
0.00585937500000000
0.00659179687500000
0.00604248046875000
0.00683593750000000
0.00622558593750000
0.00830078125000000
0.00860595703125000
0.01171875000000000
0.01361083984375000
0.01751708984375000
0.01989746093750000
0.02441406250000000
0.02856445312500000
0.03363037109375000
0.03814697265625000
0.04058837890625000
0.04382324218750000
0.04687500000000000
0.04919433593750000
0.04956054687500000
0.04858398437500000
0.04504394531250000
0.04235839843750000
0.03967285156250000
0.03704833984375000
0.03411865234375000
0.03173828125000000
0.02612304687500000
0.02319335937500000
0.01831054687500000
0.01556396484375000
0.01037597656250000
0.00573730468750000
-0.00054931640625000
-0.00622558593750000
-0.01171875000000000
-0.01708984375000000
-0.02178955078125000
-0.02667236328125000
-0.02990722656250000
-0.03186035156250000
-0.03027343750000000
-0.03002929687500000
-0.02905273437500000
-0.02832031250000000
-0.02612304687500000
-0.02563476562500000
-0.02404785156250000
-0.02423095703125000
-0.02319335937500000
-0.02447509765625000
-0.02526855468750000
-0.02770996093750000
-0.02685546875000000
-0.02575683593750000
-0.02429199218750000
-0.02294921875000000
-0.02130126953125000
-0.01928710937500000
-0.01831054687500000
-0.01599121093750000
-0.01550292968750000
-0.01470947265625000
-0.01629638671875000
-0.01776123046875000
-0.02069091796875000
-0.02124023437500000
-0.02301025390625000
-0.02203369140625000
-0.02172851562500000
-0.02032470703125000
-0.01904296875000000
-0.01483154296875000
-0.01147460937500000
-0.00775146484375000
-0.00500488281250000
-0.00195312500000000
0.00042724609375000
0.00140380859375000
0.00213623046875000
0.00213623046875000
0.00354003906250000
0.00292968750000000
0.00323486328125000
0.00268554687500000
0.00421142578125000
0.00323486328125000
0.00354003906250000
0.00213623046875000
0.00225830078125000
0.00061035156250000
0.00012207031250000
-0.00213623046875000
-0.00323486328125000
-0.00506591796875000
-0.00695800781250000
-0.00903320312500000
-0.01196289062500000
-0.01422119140625000
-0.01684570312500000
-0.01806640625000000
-0.01940917968750000
-0.01922607421875000
-0.01983642578125000
-0.01849365234375000
-0.01776123046875000
-0.01483154296875000
-0.01409912109375000
-0.01257324218750000
-0.01342773437500000
-0.01300048828125000
-0.01477050781250000
-0.01611328125000000
-0.01849365234375000
-0.01928710937500000
-0.02050781250000000
-0.02172851562500000
-0.02209472656250000
-0.02209472656250000
-0.02081298828125000
-0.02124023437500000
-0.02056884765625000
-0.02239990234375000
-0.02374267578125000
-0.02618408203125000
-0.02770996093750000
-0.03143310546875000
-0.03247070312500000
-0.03417968750000000
-0.03424072265625000
-0.03485107421875000
-0.03436279296875000
-0.03448486328125000
-0.03240966796875000
-0.03088378906250000
-0.02990722656250000
-0.02966308593750000
-0.02923583984375000
-0.02911376953125000
-0.02795410156250000
-0.02526855468750000
-0.02502441406250000
-0.02435302734375000
-0.02478027343750000
-0.02307128906250000
-0.02374267578125000
-0.02392578125000000
-0.02722167968750000
-0.02838134765625000
-0.02996826171875000
-0.02972412109375000
-0.03137207031250000
-0.03240966796875000
-0.03460693359375000
-0.03485107421875000
-0.03479003906250000
-0.03588867187500000
-0.03613281250000000
-0.03668212890625000
-0.03613281250000000
-0.03631591796875000
-0.03613281250000000
-0.03747558593750000
-0.03729248046875000
-0.03686523437500000
-0.03448486328125000
-0.03411865234375000
-0.02899169921875000
-0.02752685546875000
-0.01464843750000000
0.00335693359375000
0.03302001953125000
0.06866455078125000
0.10693359375000000
0.14697265625000000
0.16979980468750000
0.20141601562500000
0.22070312500000000
0.22418212890625000
0.22082519531250000
0.20227050781250000
0.18237304687500000
0.16143798828125000
0.15026855468750000
0.14678955078125000
0.15057373046875000
0.15533447265625000
0.14990234375000000
0.14178466796875000
0.13012695312500000
0.11907958984375000
0.10217285156250000
0.08282470703125000
0.05743408203125000
0.04095458984375000
0.02947998046875000
0.02380371093750000
0.02020263671875000
0.01898193359375000
0.02349853515625000
0.02862548828125000
0.03332519531250000
0.03369140625000000
0.04016113281250000
0.04541015625000000
0.04974365234375000
0.04974365234375000
0.04803466796875000
0.04364013671875000
0.03839111328125000
0.03076171875000000
0.02099609375000000
0.00726318359375000
-0.00457763671875000
-0.01782226562500000
-0.02685546875000000
-0.03546142578125000
-0.04412841796875000
-0.04956054687500000
-0.05450439453125000
-0.05383300781250000
-0.05841064453125000
-0.06195068359375000
-0.06726074218750000
-0.07598876953125000
-0.08477783203125000
-0.09008789062500000
-0.09124755859375000
-0.08728027343750000
-0.07843017578125000
-0.06835937500000000
-0.05877685546875000
-0.04492187500000000
-0.03442382812500000
-0.02062988281250000
-0.00854492187500000
0.00427246093750000
0.01519775390625000
0.02337646484375000
0.03222656250000000
0.03729248046875000
0.04223632812500000
0.04315185546875000
0.04394531250000000
0.04321289062500000
0.04144287109375000
