0.00000000000000000000000000000000
0.00000000000000000000000000000000
0.00000000000000000000000000000000
0.00000000000000000000000000000000
0.00000000000000000000000000000000
0.00000000000000000000000000000000
0.00000000000000000000000000000000
0.00000000000000000000000000000000
0.00000000000000000000000000000000
0.00000000000000000000000000000000
0.00000000000000000000000000000000
0.00000000000000000000000000000000
0.00000000000000000000000000000000
0.00000000000000000000000000000000
-0.00006103515625000000000000000000
0.00000000000000000000000000000000
-0.00006103515625000000000000000000
-0.00006103515625000000000000000000
0.00000000000000000000000000000000
0.00000000000000000000000000000000
0.00000000000000000000000000000000
-0.00006103515625000000000000000000
-0.00006103515625000000000000000000
-0.00006103515625000000000000000000
0.00000000000000000000000000000000
0.00000000000000000000000000000000
0.00000000000000000000000000000000
-0.00006103515625000000000000000000
-0.00006103515625000000000000000000
-0.00006103515625000000000000000000
-0.00006103515625000000000000000000
0.00000000000000000000000000000000
0.00000000000000000000000000000000
0.00000000000000000000000000000000
-0.00012207031250000000000000000000
-0.00012207031250000000000000000000
-0.00006103515625000000000000000000
0.00006103515625000000000000000000
0.00006103515625000000000000000000
0.00000000000000000000000000000000
-0.00012207031250000000000000000000
-0.00018310546875000000000000000000
-0.00006103515625000000000000000000
0.00000000000000000000000000000000
0.00012207031250000000000000000000
0.00000000000000000000000000000000
-0.00006103515625000000000000000000
-0.00012207031250000000000000000000
0.00000000000000000000000000000000
-0.00006103515625000000000000000000
-0.00012207031250000000000000000000
-0.00030517578125000000000000000000
-0.00018310546875000000000000000000
0.00018310546875000000000000000000
0.00073242187500000000000000000000
0.00085449218750000000000000000000
0.00030517578125000000000000000000
-0.00085449218750000000000000000000
-0.00170898437500000000000000000000
-0.00134277343750000000000000000000
0.00036621093750000000000000000000
0.00225830078125000000000000000000
0.00274658203125000000000000000000
0.00079345703125000000000000000000
-0.00250244140625000000000000000000
-0.00451660156250000000000000000000
-0.00311279296875000000000000000000
0.00128173828125000000000000000000
0.00573730468750000000000000000000
0.00622558593750000000000000000000
0.00146484375000000000000000000000
-0.00573730468750000000000000000000
-0.00970458984375000000000000000000
-0.00646972656250000000000000000000
0.00299072265625000000000000000000
0.01202392578125000000000000000000
0.01312255859375000000000000000000
0.00347900390625000000000000000000
-0.01135253906250000000000000000000
-0.02056884765625000000000000000000
-0.01544189453125000000000000000000
0.00347900390625000000000000000000
0.02526855468750000000000000000000
0.03485107421875000000000000000000
0.02331542968750000000000000000000
-0.00537109375000000000000000000000
-0.03576660156250000000000000000000
-0.05047607421875000000000000000000
-0.04113769531250000000000000000000
-0.01397705078125000000000000000000
0.01483154296875000000000000000000
0.02929687500000000000000000000000
0.02374267578125000000000000000000
0.00537109375000000000000000000000
-0.01177978515625000000000000000000
-0.01672363281250000000000000000000
-0.00811767578125000000000000000000
0.00604248046875000000000000000000
0.01531982421875000000000000000000
0.01428222656250000000000000000000
0.00524902343750000000000000000000
-0.00421142578125000000000000000000
-0.00756835937500000000000000000000
-0.00360107421875000000000000000000
0.00360107421875000000000000000000
0.00854492187500000000000000000000
0.00817871093750000000000000000000
0.00384521484375000000000000000000
-0.00067138671875000000000000000000
-0.00231933593750000000000000000000
-0.00073242187500000000000000000000
0.00219726562500000000000000000000
0.00402832031250000000000000000000
0.00384521484375000000000000000000
0.00231933593750000000000000000000
0.00073242187500000000000000000000
0.00012207031250000000000000000000
0.00030517578125000000000000000000
0.00079345703125000000000000000000
0.00097656250000000000000000000000
0.00103759765625000000000000000000
0.00103759765625000000000000000000
0.00115966796875000000000000000000
0.00103759765625000000000000000000
0.00067138671875000000000000000000
0.00006103515625000000000000000000
-0.00018310546875000000000000000000
0.00012207031250000000000000000000
0.00079345703125000000000000000000
0.00128173828125000000000000000000
0.00122070312500000000000000000000
0.00054931640625000000000000000000
-0.00006103515625000000000000000000
-0.00018310546875000000000000000000
0.00030517578125000000000000000000
0.00085449218750000000000000000000
0.00091552734375000000000000000000
0.00042724609375000000000000000000
-0.00024414062500000000000000000000
-0.00067138671875000000000000000000
-0.00042724609375000000000000000000
0.00000000000000000000000000000000
0.00036621093750000000000000000000
0.00018310546875000000000000000000
-0.00036621093750000000000000000000
-0.00079345703125000000000000000000
-0.00073242187500000000000000000000
-0.00024414062500000000000000000000
0.00018310546875000000000000000000
0.00012207031250000000000000000000
-0.00030517578125000000000000000000
-0.00073242187500000000000000000000
-0.00085449218750000000000000000000
-0.00048828125000000000000000000000
-0.00006103515625000000000000000000
0.00000000000000000000000000000000
-0.00042724609375000000000000000000
-0.00103759765625000000000000000000
-0.00134277343750000000000000000000
-0.00122070312500000000000000000000
-0.00085449218750000000000000000000
-0.00067138671875000000000000000000
-0.00097656250000000000000000000000
-0.00158691406250000000000000000000
-0.00195312500000000000000000000000
-0.00189208984375000000000000000000
-0.00140380859375000000000000000000
-0.00103759765625000000000000000000
-0.00109863281250000000000000000000
-0.00164794921875000000000000000000
-0.00207519531250000000000000000000
-0.00213623046875000000000000000000
-0.00177001953125000000000000000000
-0.00128173828125000000000000000000
-0.00128173828125000000000000000000
-0.00177001953125000000000000000000
-0.00244140625000000000000000000000
-0.00280761718750000000000000000000
-0.00262451171875000000000000000000
-0.00219726562500000000000000000000
-0.00201416015625000000000000000000
-0.00231933593750000000000000000000
-0.00292968750000000000000000000000
-0.00341796875000000000000000000000
-0.00347900390625000000000000000000
-0.00317382812500000000000000000000
-0.00286865234375000000000000000000
-0.00305175781250000000000000000000
-0.00354003906250000000000000000000
-0.00402832031250000000000000000000
-0.00408935546875000000000000000000
-0.00384521484375000000000000000000
-0.00347900390625000000000000000000
-0.00354003906250000000000000000000
-0.00396728515625000000000000000000
-0.00451660156250000000000000000000
-0.00469970703125000000000000000000
-0.00451660156250000000000000000000
-0.00415039062500000000000000000000
-0.00408935546875000000000000000000
-0.00457763671875000000000000000000
-0.00524902343750000000000000000000
-0.00561523437500000000000000000000
-0.00555419921875000000000000000000
-0.00518798828125000000000000000000
-0.00494384765625000000000000000000
-0.00524902343750000000000000000000
-0.00585937500000000000000000000000
-0.00634765625000000000000000000000
-0.00634765625000000000000000000000
-0.00598144531250000000000000000000
-0.00549316406250000000000000000000
-0.00555419921875000000000000000000
-0.00604248046875000000000000000000
-0.00665283203125000000000000000000
-0.00683593750000000000000000000000
-0.00646972656250000000000000000000
-0.00592041015625000000000000000000
-0.00561523437500000000000000000000
-0.00592041015625000000000000000000
-0.00653076171875000000000000000000
-0.00695800781250000000000000000000
-0.00689697265625000000000000000000
-0.00646972656250000000000000000000
-0.00616455078125000000000000000000
-0.00628662109375000000000000000000
-0.00683593750000000000000000000000
-0.00732421875000000000000000000000
-0.00750732421875000000000000000000
-0.00726318359375000000000000000000
-0.00701904296875000000000000000000
-0.00708007812500000000000000000000
-0.00762939453125000000000000000000
-0.00811767578125000000000000000000
-0.00830078125000000000000000000000
-0.00799560546875000000000000000000
-0.00762939453125000000000000000000
-0.00756835937500000000000000000000
-0.00805664062500000000000000000000
-0.00872802734375000000000000000000
-0.00903320312500000000000000000000
-0.00891113281250000000000000000000
-0.00842285156250000000000000000000
-0.00817871093750000000000000000000
-0.00842285156250000000000000000000
-0.00909423828125000000000000000000
-0.00958251953125000000000000000000
-0.00964355468750000000000000000000
-0.00921630859375000000000000000000
-0.00866699218750000000000000000000
-0.00854492187500000000000000000000
-0.00891113281250000000000000000000
-0.00921630859375000000000000000000
-0.00915527343750000000000000000000
-0.00872802734375000000000000000000
-0.00811767578125000000000000000000
-0.00775146484375000000000000000000
-0.00793457031250000000000000000000
-0.00823974609375000000000000000000
-0.00830078125000000000000000000000
-0.00799560546875000000000000000000
-0.00744628906250000000000000000000
-0.00720214843750000000000000000000
-0.00744628906250000000000000000000
-0.00805664062500000000000000000000
-0.00854492187500000000000000000000
-0.00860595703125000000000000000000
-0.00830078125000000000000000000000
-0.00805664062500000000000000000000
-0.00823974609375000000000000000000
-0.00891113281250000000000000000000
-0.00946044921875000000000000000000
-0.00964355468750000000000000000000
-0.00933837890625000000000000000000
-0.00885009765625000000000000000000
-0.00866699218750000000000000000000
-0.00897216796875000000000000000000
-0.00927734375000000000000000000000
-0.00933837890625000000000000000000
-0.00885009765625000000000000000000
-0.00817871093750000000000000000000
-0.00762939453125000000000000000000
-0.00769042968750000000000000000000
-0.00799560546875000000000000000000
-0.00811767578125000000000000000000
-0.00787353515625000000000000000000
-0.00732421875000000000000000000000
-0.00689697265625000000000000000000
-0.00701904296875000000000000000000
-0.00756835937500000000000000000000
-0.00811767578125000000000000000000
-0.00817871093750000000000000000000
-0.00787353515625000000000000000000
-0.00744628906250000000000000000000
-0.00738525390625000000000000000000
-0.00787353515625000000000000000000
-0.00848388671875000000000000000000
-0.00872802734375000000000000000000
-0.00842285156250000000000000000000
-0.00787353515625000000000000000000
-0.00762939453125000000000000000000
-0.00781250000000000000000000000000
-0.00830078125000000000000000000000
-0.00854492187500000000000000000000
-0.00830078125000000000000000000000
-0.00775146484375000000000000000000
-0.00720214843750000000000000000000
-0.00714111328125000000000000000000
-0.00750732421875000000000000000000
-0.00781250000000000000000000000000
-0.00775146484375000000000000000000
-0.00720214843750000000000000000000
-0.00659179687500000000000000000000
-0.00634765625000000000000000000000
-0.00659179687500000000000000000000
-0.00689697265625000000000000000000
-0.00689697265625000000000000000000
-0.00646972656250000000000000000000
-0.00579833984375000000000000000000
-0.00549316406250000000000000000000
-0.00561523437500000000000000000000
-0.00598144531250000000000000000000
-0.00622558593750000000000000000000
-0.00598144531250000000000000000000
-0.00537109375000000000000000000000
-0.00494384765625000000000000000000
-0.00500488281250000000000000000000
-0.00537109375000000000000000000000
-0.00573730468750000000000000000000
-0.00561523437500000000000000000000
-0.00512695312500000000000000000000
-0.00457763671875000000000000000000
-0.00439453125000000000000000000000
-0.00469970703125000000000000000000
-0.00506591796875000000000000000000
-0.00506591796875000000000000000000
-0.00457763671875000000000000000000
-0.00384521484375000000000000000000
-0.00341796875000000000000000000000
-0.00347900390625000000000000000000
-0.00372314453125000000000000000000
-0.00378417968750000000000000000000
-0.00341796875000000000000000000000
-0.00268554687500000000000000000000
-0.00219726562500000000000000000000
-0.00219726562500000000000000000000
-0.00250244140625000000000000000000
-0.00268554687500000000000000000000
-0.00244140625000000000000000000000
-0.00183105468750000000000000000000
-0.00122070312500000000000000000000
-0.00103759765625000000000000000000
-0.00128173828125000000000000000000
-0.00152587890625000000000000000000
-0.00134277343750000000000000000000
-0.00073242187500000000000000000000
0.00006103515625000000000000000000
0.00048828125000000000000000000000
0.00036621093750000000000000000000
0.00012207031250000000000000000000
0.00006103515625000000000000000000
0.00054931640625000000000000000000
0.00134277343750000000000000000000
0.00189208984375000000000000000000
0.00201416015625000000000000000000
0.00170898437500000000000000000000
0.00146484375000000000000000000000
0.00170898437500000000000000000000
0.00231933593750000000000000000000
0.00286865234375000000000000000000
0.00305175781250000000000000000000
0.00280761718750000000000000000000
0.00250244140625000000000000000000
0.00256347656250000000000000000000
0.00305175781250000000000000000000
0.00366210937500000000000000000000
0.00402832031250000000000000000000
0.00390625000000000000000000000000
0.00360107421875000000000000000000
0.00354003906250000000000000000000
0.00396728515625000000000000000000
0.00469970703125000000000000000000
0.00518798828125000000000000000000
0.00524902343750000000000000000000
0.00494384765625000000000000000000
0.00476074218750000000000000000000
0.00500488281250000000000000000000
0.00561523437500000000000000000000
0.00616455078125000000000000000000
0.00622558593750000000000000000000
0.00592041015625000000000000000000
0.00555419921875000000000000000000
0.00555419921875000000000000000000
0.00604248046875000000000000000000
0.00653076171875000000000000000000
0.00665283203125000000000000000000
0.00634765625000000000000000000000
0.00585937500000000000000000000000
0.00561523437500000000000000000000
0.00592041015625000000000000000000
0.00646972656250000000000000000000
0.00671386718750000000000000000000
0.00653076171875000000000000000000
0.00604248046875000000000000000000
0.00573730468750000000000000000000
0.00592041015625000000000000000000
0.00646972656250000000000000000000
0.00695800781250000000000000000000
0.00701904296875000000000000000000
0.00671386718750000000000000000000
0.00634765625000000000000000000000
0.00646972656250000000000000000000
0.00695800781250000000000000000000
0.00750732421875000000000000000000
0.00762939453125000000000000000000
0.00732421875000000000000000000000
0.00683593750000000000000000000000
0.00665283203125000000000000000000
0.00695800781250000000000000000000
0.00744628906250000000000000000000
0.00769042968750000000000000000000
0.00738525390625000000000000000000
0.00677490234375000000000000000000
0.00628662109375000000000000000000
0.00634765625000000000000000000000
0.00677490234375000000000000000000
0.00708007812500000000000000000000
0.00689697265625000000000000000000
0.00634765625000000000000000000000
0.00579833984375000000000000000000
0.00561523437500000000000000000000
0.00598144531250000000000000000000
0.00628662109375000000000000000000
0.00634765625000000000000000000000
0.00592041015625000000000000000000
0.00543212890625000000000000000000
0.00531005859375000000000000000000
0.00561523437500000000000000000000
0.00610351562500000000000000000000
0.00628662109375000000000000000000
0.00592041015625000000000000000000
0.00531005859375000000000000000000
0.00494384765625000000000000000000
0.00500488281250000000000000000000
0.00543212890625000000000000000000
0.00561523437500000000000000000000
0.00537109375000000000000000000000
0.00476074218750000000000000000000
0.00421142578125000000000000000000
0.00415039062500000000000000000000
0.00457763671875000000000000000000
0.00500488281250000000000000000000
0.00500488281250000000000000000000
0.00463867187500000000000000000000
0.00408935546875000000000000000000
0.00390625000000000000000000000000
0.00415039062500000000000000000000
0.00451660156250000000000000000000
0.00451660156250000000000000000000
0.00402832031250000000000000000000
0.00323486328125000000000000000000
0.00268554687500000000000000000000
0.00256347656250000000000000000000
0.00274658203125000000000000000000
0.00274658203125000000000000000000
0.00231933593750000000000000000000
0.00152587890625000000000000000000
0.00085449218750000000000000000000
0.00067138671875000000000000000000
0.00091552734375000000000000000000
0.00115966796875000000000000000000
0.00103759765625000000000000000000
0.00042724609375000000000000000000
-0.00024414062500000000000000000000
-0.00054931640625000000000000000000
-0.00036621093750000000000000000000
-0.00012207031250000000000000000000
-0.00006103515625000000000000000000
-0.00042724609375000000000000000000
-0.00109863281250000000000000000000
-0.00146484375000000000000000000000
-0.00140380859375000000000000000000
-0.00122070312500000000000000000000
-0.00109863281250000000000000000000
-0.00158691406250000000000000000000
-0.00238037109375000000000000000000
-0.00292968750000000000000000000000
-0.00311279296875000000000000000000
-0.00292968750000000000000000000000
-0.00280761718750000000000000000000
-0.00311279296875000000000000000000
-0.00384521484375000000000000000000
-0.00463867187500000000000000000000
-0.00500488281250000000000000000000
-0.00494384765625000000000000000000
-0.00482177734375000000000000000000
-0.00500488281250000000000000000000
-0.00567626953125000000000000000000
-0.00665283203125000000000000000000
-0.00726318359375000000000000000000
-0.00738525390625000000000000000000
-0.00732421875000000000000000000000
-0.00732421875000000000000000000000
-0.00793457031250000000000000000000
-0.00891113281250000000000000000000
-0.00964355468750000000000000000000
-0.00988769531250000000000000000000
-0.00970458984375000000000000000000
-0.00952148437500000000000000000000
-0.00982666015625000000000000000000
-0.01062011718750000000000000000000
-0.01135253906250000000000000000000
-0.01171875000000000000000000000000
-0.01165771484375000000000000000000
-0.01147460937500000000000000000000
-0.01165771484375000000000000000000
-0.01232910156250000000000000000000
-0.01324462890625000000000000000000
-0.01385498046875000000000000000000
-0.01397705078125000000000000000000
-0.01391601562500000000000000000000
-0.01391601562500000000000000000000
-0.01452636718750000000000000000000
-0.01556396484375000000000000000000
-0.01623535156250000000000000000000
-0.01660156250000000000000000000000
-0.01666259765625000000000000000000
-0.01660156250000000000000000000000
-0.01702880859375000000000000000000
-0.01794433593750000000000000000000
-0.01873779296875000000000000000000
-0.01928710937500000000000000000000
-0.01940917968750000000000000000000
-0.01947021484375000000000000000000
-0.01989746093750000000000000000000
-0.02075195312500000000000000000000
-0.02178955078125000000000000000000
-0.02239990234375000000000000000000
-0.02258300781250000000000000000000
-0.02258300781250000000000000000000
-0.02270507812500000000000000000000
-0.02343750000000000000000000000000
-0.02441406250000000000000000000000
-0.02496337890625000000000000000000
-0.02520751953125000000000000000000
-0.02520751953125000000000000000000
-0.02508544921875000000000000000000
-0.02563476562500000000000000000000
-0.02667236328125000000000000000000
-0.02746582031250000000000000000000
-0.02795410156250000000000000000000
-0.02807617187500000000000000000000
-0.02795410156250000000000000000000
-0.02838134765625000000000000000000
-0.02935791015625000000000000000000
-0.03039550781250000000000000000000
-0.03106689453125000000000000000000
-0.03143310546875000000000000000000
-0.03155517578125000000000000000000
-0.03186035156250000000000000000000
-0.03283691406250000000000000000000
-0.03411865234375000000000000000000
-0.03497314453125000000000000000000
-0.03558349609375000000000000000000
-0.03582763671875000000000000000000
-0.03588867187500000000000000000000
-0.03656005859375000000000000000000
-0.03765869140625000000000000000000
-0.03839111328125000000000000000000
-0.03887939453125000000000000000000
-0.03900146484375000000000000000000
-0.03887939453125000000000000000000
-0.03930664062500000000000000000000
-0.04034423828125000000000000000000
-0.04132080078125000000000000000000
-0.04199218750000000000000000000000
-0.04235839843750000000000000000000
-0.04260253906250000000000000000000
-0.04296875000000000000000000000000
-0.04400634765625000000000000000000
-0.04528808593750000000000000000000
-0.04602050781250000000000000000000
-0.04650878906250000000000000000000
-0.04675292968750000000000000000000
-0.04687500000000000000000000000000
-0.04772949218750000000000000000000
-0.04907226562500000000000000000000
-0.04992675781250000000000000000000
-0.05053710937500000000000000000000
-0.05084228515625000000000000000000
-0.05084228515625000000000000000000
-0.05139160156250000000000000000000
-0.05255126953125000000000000000000
-0.05352783203125000000000000000000
-0.05426025390625000000000000000000
-0.05462646484375000000000000000000
-0.05468750000000000000000000000000
-0.05505371093750000000000000000000
-0.05609130859375000000000000000000
-0.05737304687500000000000000000000
-0.05828857421875000000000000000000
-0.05895996093750000000000000000000
-0.05944824218750000000000000000000
-0.05975341796875000000000000000000
-0.06079101562500000000000000000000
-0.06213378906250000000000000000000
-0.06298828125000000000000000000000
-0.06365966796875000000000000000000
-0.06396484375000000000000000000000
-0.06384277343750000000000000000000
-0.06427001953125000000000000000000
-0.06524658203125000000000000000000
-0.06591796875000000000000000000000
-0.06634521484375000000000000000000
-0.06652832031250000000000000000000
-0.06634521484375000000000000000000
-0.06658935546875000000000000000000
-0.06756591796875000000000000000000
-0.06860351562500000000000000000000
-0.06921386718750000000000000000000
-0.06970214843750000000000000000000
-0.06988525390625000000000000000000
-0.07000732421875000000000000000000
-0.07086181640625000000000000000000
-0.07208251953125000000000000000000
-0.07269287109375000000000000000000
-0.07312011718750000000000000000000
-0.07324218750000000000000000000000
-0.07299804687500000000000000000000
-0.07342529296875000000000000000000
-0.07440185546875000000000000000000
-0.07501220703125000000000000000000
-0.07543945312500000000000000000000
-0.07562255859375000000000000000000
-0.07537841796875000000000000000000
-0.07556152343750000000000000000000
-0.07641601562500000000000000000000
-0.07727050781250000000000000000000
-0.07763671875000000000000000000000
-0.07788085937500000000000000000000
-0.07769775390625000000000000000000
-0.07751464843750000000000000000000
-0.07806396484375000000000000000000
-0.07885742187500000000000000000000
-0.07904052734375000000000000000000
-0.07910156250000000000000000000000
-0.07879638671875000000000000000000
-0.07818603515625000000000000000000
-0.07830810546875000000000000000000
-0.07897949218750000000000000000000
-0.07922363281250000000000000000000
-0.07922363281250000000000000000000
-0.07891845703125000000000000000000
-0.07818603515625000000000000000000
-0.07794189453125000000000000000000
-0.07843017578125000000000000000000
-0.07879638671875000000000000000000
-0.07891845703125000000000000000000
-0.07891845703125000000000000000000
-0.07843017578125000000000000000000
-0.07806396484375000000000000000000
-0.07849121093750000000000000000000
-0.07904052734375000000000000000000
-0.07916259765625000000000000000000
-0.07916259765625000000000000000000
-0.07885742187500000000000000000000
-0.07824707031250000000000000000000
-0.07836914062500000000000000000000
-0.07897949218750000000000000000000
-0.07910156250000000000000000000000
-0.07897949218750000000000000000000
-0.07855224609375000000000000000000
-0.07769775390625000000000000000000
-0.07733154296875000000000000000000
-0.07763671875000000000000000000000
-0.07769775390625000000000000000000
-0.07745361328125000000000000000000
-0.07702636718750000000000000000000
-0.07611083984375000000000000000000
-0.07543945312500000000000000000000
-0.07550048828125000000000000000000
-0.07568359375000000000000000000000
-0.07543945312500000000000000000000
-0.07495117187500000000000000000000
-0.07421875000000000000000000000000
-0.07330322265625000000000000000000
-0.07312011718750000000000000000000
-0.07342529296875000000000000000000
-0.07324218750000000000000000000000
-0.07293701171875000000000000000000
-0.07238769531250000000000000000000
-0.07153320312500000000000000000000
-0.07122802734375000000000000000000
-0.07171630859375000000000000000000
-0.07183837890625000000000000000000
-0.07165527343750000000000000000000
-0.07128906250000000000000000000000
-0.07031250000000000000000000000000
-0.06964111328125000000000000000000
-0.06970214843750000000000000000000
-0.06970214843750000000000000000000
-0.06927490234375000000000000000000
-0.06854248046875000000000000000000
-0.06750488281250000000000000000000
-0.06640625000000000000000000000000
-0.06610107421875000000000000000000
-0.06622314453125000000000000000000
-0.06604003906250000000000000000000
-0.06561279296875000000000000000000
-0.06488037109375000000000000000000
-0.06378173828125000000000000000000
-0.06323242187500000000000000000000
-0.06347656250000000000000000000000
-0.06335449218750000000000000000000
-0.06311035156250000000000000000000
-0.06268310546875000000000000000000
-0.06170654296875000000000000000000
-0.06103515625000000000000000000000
-0.06121826171875000000000000000000
-0.06134033203125000000000000000000
-0.06121826171875000000000000000000
-0.06097412109375000000000000000000
-0.06036376953125000000000000000000
-0.05969238281250000000000000000000
-0.05969238281250000000000000000000
-0.05993652343750000000000000000000
-0.05975341796875000000000000000000
-0.05926513671875000000000000000000
-0.05853271484375000000000000000000
-0.05749511718750000000000000000000
-0.05706787109375000000000000000000
-0.05731201171875000000000000000000
-0.05712890625000000000000000000000
-0.05670166015625000000000000000000
-0.05609130859375000000000000000000
-0.05499267578125000000000000000000
-0.05438232421875000000000000000000
-0.05450439453125000000000000000000
-0.05456542968750000000000000000000
-0.05432128906250000000000000000000
-0.05383300781250000000000000000000
-0.05291748046875000000000000000000
-0.05212402343750000000000000000000
-0.05206298828125000000000000000000
-0.05224609375000000000000000000000
-0.05218505859375000000000000000000
-0.05175781250000000000000000000000
-0.05102539062500000000000000000000
-0.05004882812500000000000000000000
-0.04968261718750000000000000000000
-0.04986572265625000000000000000000
-0.04980468750000000000000000000000
-0.04943847656250000000000000000000
-0.04888916015625000000000000000000
-0.04803466796875000000000000000000
-0.04748535156250000000000000000000
-0.04772949218750000000000000000000
-0.04779052734375000000000000000000
-0.04766845703125000000000000000000
-0.04724121093750000000000000000000
-0.04650878906250000000000000000000
-0.04602050781250000000000000000000
-0.04620361328125000000000000000000
-0.04656982421875000000000000000000
-0.04663085937500000000000000000000
-0.04632568359375000000000000000000
-0.04565429687500000000000000000000
-0.04486083984375000000000000000000
-0.04461669921875000000000000000000
-0.04492187500000000000000000000000
-0.04486083984375000000000000000000
-0.04437255859375000000000000000000
-0.04364013671875000000000000000000
-0.04248046875000000000000000000000
-0.04180908203125000000000000000000
-0.04187011718750000000000000000000
-0.04187011718750000000000000000000
-0.04168701171875000000000000000000
-0.04119873046875000000000000000000
-0.04034423828125000000000000000000
-0.03973388671875000000000000000000
-0.03985595703125000000000000000000
-0.04022216796875000000000000000000
-0.04040527343750000000000000000000
-0.04022216796875000000000000000000
-0.03973388671875000000000000000000
-0.03918457031250000000000000000000
-0.03924560546875000000000000000000
-0.03967285156250000000000000000000
-0.03979492187500000000000000000000
-0.03961181640625000000000000000000
-0.03906250000000000000000000000000
-0.03814697265625000000000000000000
-0.03771972656250000000000000000000
-0.03784179687500000000000000000000
-0.03790283203125000000000000000000
-0.03765869140625000000000000000000
-0.03717041015625000000000000000000
-0.03637695312500000000000000000000
-0.03582763671875000000000000000000
-0.03594970703125000000000000000000
-0.03619384765625000000000000000000
-0.03613281250000000000000000000000
-0.03570556640625000000000000000000
-0.03491210937500000000000000000000
-0.03411865234375000000000000000000
-0.03393554687500000000000000000000
-0.03417968750000000000000000000000
-0.03417968750000000000000000000000
-0.03387451171875000000000000000000
-0.03326416015625000000000000000000
-0.03247070312500000000000000000000
-0.03216552734375000000000000000000
-0.03253173828125000000000000000000
-0.03277587890625000000000000000000
-0.03277587890625000000000000000000
-0.03240966796875000000000000000000
-0.03167724609375000000000000000000
-0.03125000000000000000000000000000
-0.03143310546875000000000000000000
-0.03173828125000000000000000000000
-0.03186035156250000000000000000000
-0.03155517578125000000000000000000
-0.03100585937500000000000000000000
-0.03045654296875000000000000000000
-0.03057861328125000000000000000000
-0.03100585937500000000000000000000
-0.03125000000000000000000000000000
-0.03106689453125000000000000000000
-0.03057861328125000000000000000000
-0.02984619140625000000000000000000
-0.02954101562500000000000000000000
-0.02972412109375000000000000000000
-0.02972412109375000000000000000000
-0.02935791015625000000000000000000
-0.02874755859375000000000000000000
-0.02789306640625000000000000000000
-0.02734375000000000000000000000000
-0.02752685546875000000000000000000
-0.02770996093750000000000000000000
-0.02764892578125000000000000000000
-0.02728271484375000000000000000000
-0.02648925781250000000000000000000
-0.02587890625000000000000000000000
-0.02581787109375000000000000000000
-0.02606201171875000000000000000000
-0.02606201171875000000000000000000
-0.02569580078125000000000000000000
-0.02502441406250000000000000000000
-0.02429199218750000000000000000000
-0.02416992187500000000000000000000
-0.02453613281250000000000000000000
-0.02484130859375000000000000000000
-0.02484130859375000000000000000000
-0.02441406250000000000000000000000
-0.02380371093750000000000000000000
-0.02343750000000000000000000000000
-0.02374267578125000000000000000000
-0.02416992187500000000000000000000
-0.02423095703125000000000000000000
-0.02398681640625000000000000000000
-0.02343750000000000000000000000000
-0.02301025390625000000000000000000
-0.02325439453125000000000000000000
-0.02386474609375000000000000000000
-0.02423095703125000000000000000000
-0.02429199218750000000000000000000
-0.02398681640625000000000000000000
-0.02355957031250000000000000000000
-0.02362060546875000000000000000000
-0.02404785156250000000000000000000
-0.02435302734375000000000000000000
-0.02423095703125000000000000000000
-0.02374267578125000000000000000000
-0.02301025390625000000000000000000
-0.02258300781250000000000000000000
-0.02282714843750000000000000000000
-0.02313232421875000000000000000000
-0.02313232421875000000000000000000
-0.02288818359375000000000000000000
-0.02239990234375000000000000000000
-0.02221679687500000000000000000000
-0.02264404296875000000000000000000
-0.02343750000000000000000000000000
-0.02392578125000000000000000000000
-0.02398681640625000000000000000000
-0.02374267578125000000000000000000
-0.02343750000000000000000000000000
-0.02362060546875000000000000000000
-0.02429199218750000000000000000000
-0.02478027343750000000000000000000
-0.02484130859375000000000000000000
-0.02447509765625000000000000000000
-0.02386474609375000000000000000000
-0.02362060546875000000000000000000
-0.02392578125000000000000000000000
-0.02429199218750000000000000000000
-0.02441406250000000000000000000000
-0.02416992187500000000000000000000
-0.02362060546875000000000000000000
-0.02331542968750000000000000000000
-0.02362060546875000000000000000000
-0.02416992187500000000000000000000
-0.02453613281250000000000000000000
-0.02453613281250000000000000000000
-0.02423095703125000000000000000000
-0.02380371093750000000000000000000
-0.02386474609375000000000000000000
-0.02429199218750000000000000000000
-0.02447509765625000000000000000000
-0.02429199218750000000000000000000
-0.02368164062500000000000000000000
-0.02288818359375000000000000000000
-0.02246093750000000000000000000000
-0.02258300781250000000000000000000
-0.02276611328125000000000000000000
-0.02270507812500000000000000000000
-0.02239990234375000000000000000000
-0.02197265625000000000000000000000
-0.02185058593750000000000000000000
-0.02246093750000000000000000000000
-0.02325439453125000000000000000000
-0.02374267578125000000000000000000
-0.02392578125000000000000000000000
-0.02374267578125000000000000000000
-0.02362060546875000000000000000000
-0.02404785156250000000000000000000
-0.02484130859375000000000000000000
-0.02526855468750000000000000000000
-0.02526855468750000000000000000000
-0.02484130859375000000000000000000
-0.02423095703125000000000000000000
-0.02398681640625000000000000000000
-0.02423095703125000000000000000000
-0.02447509765625000000000000000000
-0.02435302734375000000000000000000
-0.02386474609375000000000000000000
-0.02319335937500000000000000000000
-0.02288818359375000000000000000000
-0.02325439453125000000000000000000
-0.02392578125000000000000000000000
-0.02441406250000000000000000000000
-0.02453613281250000000000000000000
-0.02435302734375000000000000000000
-0.02410888671875000000000000000000
-0.02435302734375000000000000000000
-0.02484130859375000000000000000000
-0.02502441406250000000000000000000
-0.02465820312500000000000000000000
-0.02386474609375000000000000000000
-0.02288818359375000000000000000000
-0.02233886718750000000000000000000
-0.02239990234375000000000000000000
-0.02246093750000000000000000000000
-0.02233886718750000000000000000000
-0.02203369140625000000000000000000
-0.02166748046875000000000000000000
-0.02178955078125000000000000000000
-0.02258300781250000000000000000000
-0.02355957031250000000000000000000
-0.02423095703125000000000000000000
-0.02441406250000000000000000000000
-0.02416992187500000000000000000000
-0.02398681640625000000000000000000
-0.02429199218750000000000000000000
-0.02484130859375000000000000000000
-0.02514648437500000000000000000000
-0.02502441406250000000000000000000
-0.02453613281250000000000000000000
-0.02392578125000000000000000000000
-0.02386474609375000000000000000000
-0.02429199218750000000000000000000
-0.02471923828125000000000000000000
-0.02484130859375000000000000000000
-0.02453613281250000000000000000000
-0.02398681640625000000000000000000
-0.02368164062500000000000000000000
-0.02392578125000000000000000000000
-0.02423095703125000000000000000000
-0.02423095703125000000000000000000
-0.02392578125000000000000000000000
-0.02337646484375000000000000000000
-0.02294921875000000000000000000000
-0.02319335937500000000000000000000
-0.02380371093750000000000000000000
-0.02416992187500000000000000000000
-0.02423095703125000000000000000000
-0.02404785156250000000000000000000
-0.02386474609375000000000000000000
-0.02423095703125000000000000000000
-0.02502441406250000000000000000000
-0.02563476562500000000000000000000
-0.02581787109375000000000000000000
-0.02551269531250000000000000000000
-0.02496337890625000000000000000000
-0.02478027343750000000000000000000
-0.02502441406250000000000000000000
-0.02526855468750000000000000000000
-0.02502441406250000000000000000000
-0.02429199218750000000000000000000
-0.02319335937500000000000000000000
-0.02221679687500000000000000000000
-0.02191162109375000000000000000000
-0.02197265625000000000000000000000
-0.02178955078125000000000000000000
-0.02130126953125000000000000000000
-0.02056884765625000000000000000000
-0.01989746093750000000000000000000
-0.01995849609375000000000000000000
-0.02056884765625000000000000000000
-0.02117919921875000000000000000000
-0.02154541015625000000000000000000
-0.02160644531250000000000000000000
-0.02142333984375000000000000000000
-0.02166748046875000000000000000000
-0.02239990234375000000000000000000
-0.02313232421875000000000000000000
-0.02349853515625000000000000000000
-0.02343750000000000000000000000000
-0.02294921875000000000000000000000
-0.02264404296875000000000000000000
-0.02282714843750000000000000000000
-0.02325439453125000000000000000000
-0.02337646484375000000000000000000
-0.02307128906250000000000000000000
-0.02246093750000000000000000000000
-0.02178955078125000000000000000000
-0.02160644531250000000000000000000
-0.02191162109375000000000000000000
-0.02197265625000000000000000000000
-0.02178955078125000000000000000000
-0.02136230468750000000000000000000
-0.02075195312500000000000000000000
-0.02069091796875000000000000000000
-0.02117919921875000000000000000000
-0.02172851562500000000000000000000
-0.02203369140625000000000000000000
-0.02203369140625000000000000000000
-0.02185058593750000000000000000000
-0.02191162109375000000000000000000
-0.02264404296875000000000000000000
-0.02355957031250000000000000000000
-0.02410888671875000000000000000000
-0.02423095703125000000000000000000
-0.02398681640625000000000000000000
-0.02380371093750000000000000000000
-0.02410888671875000000000000000000
-0.02478027343750000000000000000000
-0.02520751953125000000000000000000
-0.02514648437500000000000000000000
-0.02459716796875000000000000000000
-0.02380371093750000000000000000000
-0.02343750000000000000000000000000
-0.02349853515625000000000000000000
-0.02355957031250000000000000000000
-0.02325439453125000000000000000000
-0.02252197265625000000000000000000
-0.02160644531250000000000000000000
-0.02093505859375000000000000000000
-0.02093505859375000000000000000000
-0.02130126953125000000000000000000
-0.02148437500000000000000000000000
-0.02136230468750000000000000000000
-0.02105712890625000000000000000000
-0.02087402343750000000000000000000
-0.02124023437500000000000000000000
-0.02209472656250000000000000000000
-0.02276611328125000000000000000000
-0.02313232421875000000000000000000
-0.02319335937500000000000000000000
-0.02319335937500000000000000000000
-0.02349853515625000000000000000000
-0.02429199218750000000000000000000
-0.02484130859375000000000000000000
-0.02490234375000000000000000000000
-0.02453613281250000000000000000000
-0.02374267578125000000000000000000
-0.02319335937500000000000000000000
-0.02313232421875000000000000000000
-0.02313232421875000000000000000000
-0.02282714843750000000000000000000
-0.02209472656250000000000000000000
-0.02111816406250000000000000000000
-0.02032470703125000000000000000000
-0.02026367187500000000000000000000
-0.02069091796875000000000000000000
-0.02099609375000000000000000000000
-0.02105712890625000000000000000000
-0.02075195312500000000000000000000
-0.02032470703125000000000000000000
-0.02038574218750000000000000000000
-0.02081298828125000000000000000000
-0.02105712890625000000000000000000
-0.02093505859375000000000000000000
-0.02038574218750000000000000000000
-0.01959228515625000000000000000000
-0.01910400390625000000000000000000
-0.01922607421875000000000000000000
-0.01953125000000000000000000000000
-0.01965332031250000000000000000000
-0.01953125000000000000000000000000
-0.01922607421875000000000000000000
-0.01916503906250000000000000000000
-0.01977539062500000000000000000000
-0.02056884765625000000000000000000
-0.02111816406250000000000000000000
-0.02117919921875000000000000000000
-0.02075195312500000000000000000000
-0.02020263671875000000000000000000
-0.02001953125000000000000000000000
-0.02026367187500000000000000000000
-0.02026367187500000000000000000000
-0.01983642578125000000000000000000
-0.01904296875000000000000000000000
-0.01812744140625000000000000000000
-0.01763916015625000000000000000000
-0.01788330078125000000000000000000
-0.01831054687500000000000000000000
-0.01843261718750000000000000000000
-0.01818847656250000000000000000000
-0.01763916015625000000000000000000
-0.01727294921875000000000000000000
-0.01751708984375000000000000000000
-0.01806640625000000000000000000000
-0.01837158203125000000000000000000
-0.01824951171875000000000000000000
-0.01782226562500000000000000000000
-0.01727294921875000000000000000000
-0.01727294921875000000000000000000
-0.01770019531250000000000000000000
-0.01800537109375000000000000000000
-0.01794433593750000000000000000000
-0.01757812500000000000000000000000
-0.01702880859375000000000000000000
-0.01690673828125000000000000000000
-0.01733398437500000000000000000000
-0.01788330078125000000000000000000
-0.01818847656250000000000000000000
-0.01812744140625000000000000000000
-0.01788330078125000000000000000000
-0.01782226562500000000000000000000
-0.01837158203125000000000000000000
-0.01928710937500000000000000000000
-0.01983642578125000000000000000000
-0.02014160156250000000000000000000
-0.02001953125000000000000000000000
-0.01989746093750000000000000000000
-0.02026367187500000000000000000000
-0.02105712890625000000000000000000
-0.02166748046875000000000000000000
-0.02191162109375000000000000000000
-0.02172851562500000000000000000000
-0.02142333984375000000000000000000
-0.02154541015625000000000000000000
-0.02221679687500000000000000000000
-0.02288818359375000000000000000000
-0.02331542968750000000000000000000
-0.02331542968750000000000000000000
-0.02313232421875000000000000000000
-0.02313232421875000000000000000000
-0.02374267578125000000000000000000
-0.02447509765625000000000000000000
-0.02490234375000000000000000000000
-0.02496337890625000000000000000000
-0.02471923828125000000000000000000
-0.02447509765625000000000000000000
-0.02484130859375000000000000000000
-0.02557373046875000000000000000000
-0.02606201171875000000000000000000
-0.02612304687500000000000000000000
-0.02581787109375000000000000000000
-0.02545166015625000000000000000000
-0.02557373046875000000000000000000
-0.02630615234375000000000000000000
-0.02697753906250000000000000000000
-0.02734375000000000000000000000000
-0.02728271484375000000000000000000
-0.02697753906250000000000000000000
-0.02697753906250000000000000000000
-0.02758789062500000000000000000000
-0.02838134765625000000000000000000
-0.02893066406250000000000000000000
-0.02899169921875000000000000000000
-0.02856445312500000000000000000000
-0.02832031250000000000000000000000
-0.02850341796875000000000000000000
-0.02899169921875000000000000000000
-0.02954101562500000000000000000000
-0.02947998046875000000000000000000
-0.02905273437500000000000000000000
-0.02856445312500000000000000000000
-0.02838134765625000000000000000000
-0.02868652343750000000000000000000
-0.02905273437500000000000000000000
-0.02899169921875000000000000000000
-0.02856445312500000000000000000000
-0.02777099609375000000000000000000
-0.02740478515625000000000000000000
-0.02740478515625000000000000000000
-0.02734375000000000000000000000000
