0.00000000000000000000000000000000
0.00000000000000000000000000000000
0.00000000000000000000000000000000
0.00000000000000000000000000000000
0.00000000000000000000000000000000
0.00000000000000000000000000000000
0.00000000000000000000000000000000
0.00000000000000000000000000000000
0.00000000000000000000000000000000
0.00000000000000000000000000000000
0.00000000000000000000000000000000
0.00000000000000000000000000000000
0.00000000000000000000000000000000
0.00000000000000000000000000000000
-0.00006103515625000000000000000000
0.00000000000000000000000000000000
-0.00006103515625000000000000000000
-0.00006103515625000000000000000000
0.00000000000000000000000000000000
0.00000000000000000000000000000000
0.00000000000000000000000000000000
-0.00006103515625000000000000000000
-0.00006103515625000000000000000000
-0.00006103515625000000000000000000
0.00000000000000000000000000000000
0.00000000000000000000000000000000
0.00000000000000000000000000000000
-0.00006103515625000000000000000000
-0.00006103515625000000000000000000
-0.00006103515625000000000000000000
-0.00006103515625000000000000000000
0.00000000000000000000000000000000
0.00000000000000000000000000000000
0.00000000000000000000000000000000
-0.00012207031250000000000000000000
-0.00012207031250000000000000000000
-0.00006103515625000000000000000000
0.00006103515625000000000000000000
0.00006103515625000000000000000000
0.00000000000000000000000000000000
-0.00012207031250000000000000000000
-0.00018310546875000000000000000000
-0.00006103515625000000000000000000
0.00000000000000000000000000000000
0.00012207031250000000000000000000
0.00000000000000000000000000000000
-0.00006103515625000000000000000000
-0.00012207031250000000000000000000
0.00000000000000000000000000000000
-0.00006103515625000000000000000000
-0.00024414062500000000000000000000
-0.00006103515625000000000000000000
0.00018310546875000000000000000000
0.00018310546875000000000000000000
0.00012207031250000000000000000000
-0.00006103515625000000000000000000
-0.00012207031250000000000000000000
-0.00018310546875000000000000000000
-0.00012207031250000000000000000000
0.00000000000000000000000000000000
0.00012207031250000000000000000000
0.00012207031250000000000000000000
0.00006103515625000000000000000000
-0.00018310546875000000000000000000
-0.00036621093750000000000000000000
-0.00030517578125000000000000000000
0.00000000000000000000000000000000
0.00036621093750000000000000000000
0.00048828125000000000000000000000
0.00018310546875000000000000000000
-0.00030517578125000000000000000000
-0.00079345703125000000000000000000
-0.00073242187500000000000000000000
-0.00006103515625000000000000000000
0.00079345703125000000000000000000
0.00122070312500000000000000000000
0.00073242187500000000000000000000
-0.00054931640625000000000000000000
-0.00183105468750000000000000000000
-0.00207519531250000000000000000000
-0.00073242187500000000000000000000
0.00164794921875000000000000000000
0.00360107421875000000000000000000
0.00360107421875000000000000000000
0.00097656250000000000000000000000
-0.00329589843750000000000000000000
-0.00714111328125000000000000000000
-0.00848388671875000000000000000000
-0.00634765625000000000000000000000
-0.00183105468750000000000000000000
0.00280761718750000000000000000000
0.00518798828125000000000000000000
0.00439453125000000000000000000000
0.00134277343750000000000000000000
-0.00189208984375000000000000000000
-0.00317382812500000000000000000000
-0.00195312500000000000000000000000
0.00079345703125000000000000000000
0.00323486328125000000000000000000
0.00378417968750000000000000000000
0.00231933593750000000000000000000
0.00000000000000000000000000000000
-0.00158691406250000000000000000000
-0.00152587890625000000000000000000
0.00006103515625000000000000000000
0.00189208984375000000000000000000
0.00286865234375000000000000000000
0.00238037109375000000000000000000
0.00097656250000000000000000000000
-0.00042724609375000000000000000000
-0.00085449218750000000000000000000
-0.00024414062500000000000000000000
0.00091552734375000000000000000000
0.00170898437500000000000000000000
0.00177001953125000000000000000000
0.00103759765625000000000000000000
0.00006103515625000000000000000000
-0.00054931640625000000000000000000
-0.00036621093750000000000000000000
0.00018310546875000000000000000000
0.00085449218750000000000000000000
0.00103759765625000000000000000000
0.00054931640625000000000000000000
0.00012207031250000000000000000000
-0.00006103515625000000000000000000
-0.00012207031250000000000000000000
0.00006103515625000000000000000000
0.00024414062500000000000000000000
0.00042724609375000000000000000000
0.00042724609375000000000000000000
0.00036621093750000000000000000000
0.00012207031250000000000000000000
0.00000000000000000000000000000000
0.00000000000000000000000000000000
0.00012207031250000000000000000000
0.00024414062500000000000000000000
0.00024414062500000000000000000000
0.00012207031250000000000000000000
0.00000000000000000000000000000000
-0.00012207031250000000000000000000
-0.00012207031250000000000000000000
-0.00012207031250000000000000000000
-0.00006103515625000000000000000000
-0.00006103515625000000000000000000
-0.00006103515625000000000000000000
-0.00012207031250000000000000000000
-0.00012207031250000000000000000000
-0.00012207031250000000000000000000
-0.00012207031250000000000000000000
-0.00012207031250000000000000000000
-0.00012207031250000000000000000000
-0.00012207031250000000000000000000
-0.00018310546875000000000000000000
-0.00018310546875000000000000000000
-0.00018310546875000000000000000000
-0.00024414062500000000000000000000
-0.00030517578125000000000000000000
-0.00030517578125000000000000000000
-0.00036621093750000000000000000000
-0.00042724609375000000000000000000
-0.00048828125000000000000000000000
-0.00048828125000000000000000000000
-0.00054931640625000000000000000000
-0.00054931640625000000000000000000
-0.00061035156250000000000000000000
-0.00061035156250000000000000000000
-0.00067138671875000000000000000000
-0.00067138671875000000000000000000
-0.00067138671875000000000000000000
-0.00067138671875000000000000000000
-0.00067138671875000000000000000000
-0.00067138671875000000000000000000
-0.00067138671875000000000000000000
-0.00067138671875000000000000000000
-0.00073242187500000000000000000000
-0.00085449218750000000000000000000
-0.00091552734375000000000000000000
-0.00097656250000000000000000000000
-0.00097656250000000000000000000000
-0.00103759765625000000000000000000
-0.00103759765625000000000000000000
-0.00109863281250000000000000000000
-0.00115966796875000000000000000000
-0.00122070312500000000000000000000
-0.00128173828125000000000000000000
-0.00134277343750000000000000000000
-0.00134277343750000000000000000000
-0.00140380859375000000000000000000
-0.00146484375000000000000000000000
-0.00152587890625000000000000000000
-0.00152587890625000000000000000000
-0.00158691406250000000000000000000
-0.00158691406250000000000000000000
-0.00158691406250000000000000000000
-0.00164794921875000000000000000000
-0.00164794921875000000000000000000
-0.00170898437500000000000000000000
-0.00177001953125000000000000000000
-0.00189208984375000000000000000000
-0.00195312500000000000000000000000
-0.00201416015625000000000000000000
-0.00207519531250000000000000000000
-0.00207519531250000000000000000000
-0.00213623046875000000000000000000
-0.00219726562500000000000000000000
-0.00225830078125000000000000000000
-0.00231933593750000000000000000000
-0.00238037109375000000000000000000
-0.00238037109375000000000000000000
-0.00238037109375000000000000000000
-0.00238037109375000000000000000000
-0.00244140625000000000000000000000
-0.00250244140625000000000000000000
-0.00250244140625000000000000000000
-0.00256347656250000000000000000000
-0.00256347656250000000000000000000
-0.00256347656250000000000000000000
-0.00256347656250000000000000000000
-0.00256347656250000000000000000000
-0.00256347656250000000000000000000
-0.00256347656250000000000000000000
-0.00262451171875000000000000000000
-0.00268554687500000000000000000000
-0.00268554687500000000000000000000
-0.00268554687500000000000000000000
-0.00274658203125000000000000000000
-0.00274658203125000000000000000000
-0.00280761718750000000000000000000
-0.00292968750000000000000000000000
-0.00299072265625000000000000000000
-0.00305175781250000000000000000000
-0.00311279296875000000000000000000
-0.00311279296875000000000000000000
-0.00317382812500000000000000000000
-0.00317382812500000000000000000000
-0.00317382812500000000000000000000
-0.00323486328125000000000000000000
-0.00329589843750000000000000000000
-0.00335693359375000000000000000000
-0.00341796875000000000000000000000
-0.00347900390625000000000000000000
-0.00347900390625000000000000000000
-0.00354003906250000000000000000000
-0.00354003906250000000000000000000
-0.00360107421875000000000000000000
-0.00366210937500000000000000000000
-0.00372314453125000000000000000000
-0.00378417968750000000000000000000
-0.00378417968750000000000000000000
-0.00378417968750000000000000000000
-0.00372314453125000000000000000000
-0.00366210937500000000000000000000
-0.00360107421875000000000000000000
-0.00354003906250000000000000000000
-0.00347900390625000000000000000000
-0.00347900390625000000000000000000
-0.00341796875000000000000000000000
-0.00329589843750000000000000000000
-0.00323486328125000000000000000000
-0.00317382812500000000000000000000
-0.00311279296875000000000000000000
-0.00311279296875000000000000000000
-0.00317382812500000000000000000000
-0.00317382812500000000000000000000
-0.00323486328125000000000000000000
-0.00329589843750000000000000000000
-0.00335693359375000000000000000000
-0.00341796875000000000000000000000
-0.00347900390625000000000000000000
-0.00360107421875000000000000000000
-0.00366210937500000000000000000000
-0.00372314453125000000000000000000
-0.00378417968750000000000000000000
-0.00378417968750000000000000000000
-0.00372314453125000000000000000000
-0.00372314453125000000000000000000
-0.00372314453125000000000000000000
-0.00366210937500000000000000000000
-0.00360107421875000000000000000000
-0.00354003906250000000000000000000
-0.00341796875000000000000000000000
-0.00329589843750000000000000000000
-0.00323486328125000000000000000000
-0.00317382812500000000000000000000
-0.00311279296875000000000000000000
-0.00305175781250000000000000000000
-0.00305175781250000000000000000000
-0.00305175781250000000000000000000
-0.00305175781250000000000000000000
-0.00305175781250000000000000000000
-0.00311279296875000000000000000000
-0.00317382812500000000000000000000
-0.00317382812500000000000000000000
-0.00323486328125000000000000000000
-0.00323486328125000000000000000000
-0.00329589843750000000000000000000
-0.00329589843750000000000000000000
-0.00335693359375000000000000000000
-0.00335693359375000000000000000000
-0.00335693359375000000000000000000
-0.00335693359375000000000000000000
-0.00329589843750000000000000000000
-0.00323486328125000000000000000000
-0.00323486328125000000000000000000
-0.00323486328125000000000000000000
-0.00323486328125000000000000000000
-0.00317382812500000000000000000000
-0.00317382812500000000000000000000
-0.00311279296875000000000000000000
-0.00305175781250000000000000000000
-0.00292968750000000000000000000000
-0.00292968750000000000000000000000
-0.00286865234375000000000000000000
-0.00280761718750000000000000000000
-0.00274658203125000000000000000000
-0.00268554687500000000000000000000
-0.00262451171875000000000000000000
-0.00256347656250000000000000000000
-0.00250244140625000000000000000000
-0.00244140625000000000000000000000
-0.00244140625000000000000000000000
-0.00238037109375000000000000000000
-0.00238037109375000000000000000000
-0.00231933593750000000000000000000
-0.00225830078125000000000000000000
-0.00219726562500000000000000000000
-0.00219726562500000000000000000000
-0.00219726562500000000000000000000
-0.00219726562500000000000000000000
-0.00213623046875000000000000000000
-0.00213623046875000000000000000000
-0.00201416015625000000000000000000
-0.00195312500000000000000000000000
-0.00195312500000000000000000000000
-0.00189208984375000000000000000000
-0.00189208984375000000000000000000
-0.00183105468750000000000000000000
-0.00177001953125000000000000000000
-0.00164794921875000000000000000000
-0.00152587890625000000000000000000
-0.00140380859375000000000000000000
-0.00134277343750000000000000000000
-0.00128173828125000000000000000000
-0.00122070312500000000000000000000
-0.00115966796875000000000000000000
-0.00109863281250000000000000000000
-0.00097656250000000000000000000000
-0.00091552734375000000000000000000
-0.00085449218750000000000000000000
-0.00079345703125000000000000000000
-0.00073242187500000000000000000000
-0.00067138671875000000000000000000
-0.00061035156250000000000000000000
-0.00048828125000000000000000000000
-0.00036621093750000000000000000000
-0.00024414062500000000000000000000
-0.00012207031250000000000000000000
-0.00006103515625000000000000000000
0.00000000000000000000000000000000
0.00012207031250000000000000000000
0.00018310546875000000000000000000
0.00036621093750000000000000000000
0.00048828125000000000000000000000
0.00054931640625000000000000000000
0.00061035156250000000000000000000
0.00067138671875000000000000000000
0.00073242187500000000000000000000
0.00085449218750000000000000000000
0.00091552734375000000000000000000
0.00097656250000000000000000000000
0.00109863281250000000000000000000
0.00109863281250000000000000000000
0.00115966796875000000000000000000
0.00122070312500000000000000000000
0.00128173828125000000000000000000
0.00134277343750000000000000000000
0.00146484375000000000000000000000
0.00152587890625000000000000000000
0.00158691406250000000000000000000
0.00158691406250000000000000000000
0.00164794921875000000000000000000
0.00177001953125000000000000000000
0.00183105468750000000000000000000
0.00195312500000000000000000000000
0.00207519531250000000000000000000
0.00213623046875000000000000000000
0.00219726562500000000000000000000
0.00225830078125000000000000000000
0.00225830078125000000000000000000
0.00231933593750000000000000000000
0.00238037109375000000000000000000
0.00244140625000000000000000000000
0.00244140625000000000000000000000
0.00244140625000000000000000000000
0.00244140625000000000000000000000
0.00244140625000000000000000000000
0.00244140625000000000000000000000
0.00250244140625000000000000000000
0.00250244140625000000000000000000
0.00250244140625000000000000000000
0.00256347656250000000000000000000
0.00256347656250000000000000000000
0.00250244140625000000000000000000
0.00250244140625000000000000000000
0.00250244140625000000000000000000
0.00250244140625000000000000000000
0.00256347656250000000000000000000
0.00262451171875000000000000000000
0.00268554687500000000000000000000
0.00268554687500000000000000000000
0.00274658203125000000000000000000
0.00280761718750000000000000000000
0.00286865234375000000000000000000
0.00286865234375000000000000000000
0.00286865234375000000000000000000
0.00286865234375000000000000000000
0.00292968750000000000000000000000
0.00292968750000000000000000000000
0.00292968750000000000000000000000
0.00292968750000000000000000000000
0.00292968750000000000000000000000
0.00286865234375000000000000000000
0.00280761718750000000000000000000
0.00274658203125000000000000000000
0.00268554687500000000000000000000
0.00268554687500000000000000000000
0.00262451171875000000000000000000
0.00262451171875000000000000000000
0.00256347656250000000000000000000
0.00250244140625000000000000000000
0.00244140625000000000000000000000
0.00244140625000000000000000000000
0.00238037109375000000000000000000
0.00238037109375000000000000000000
0.00238037109375000000000000000000
0.00238037109375000000000000000000
0.00238037109375000000000000000000
0.00238037109375000000000000000000
0.00231933593750000000000000000000
0.00231933593750000000000000000000
0.00231933593750000000000000000000
0.00225830078125000000000000000000
0.00219726562500000000000000000000
0.00213623046875000000000000000000
0.00207519531250000000000000000000
0.00207519531250000000000000000000
0.00201416015625000000000000000000
0.00195312500000000000000000000000
0.00189208984375000000000000000000
0.00183105468750000000000000000000
0.00183105468750000000000000000000
0.00183105468750000000000000000000
0.00183105468750000000000000000000
0.00183105468750000000000000000000
0.00183105468750000000000000000000
0.00183105468750000000000000000000
0.00177001953125000000000000000000
0.00164794921875000000000000000000
0.00158691406250000000000000000000
0.00146484375000000000000000000000
0.00140380859375000000000000000000
0.00128173828125000000000000000000
0.00115966796875000000000000000000
0.00103759765625000000000000000000
0.00091552734375000000000000000000
0.00073242187500000000000000000000
0.00061035156250000000000000000000
0.00054931640625000000000000000000
0.00048828125000000000000000000000
0.00042724609375000000000000000000
0.00030517578125000000000000000000
0.00018310546875000000000000000000
0.00012207031250000000000000000000
0.00000000000000000000000000000000
-0.00006103515625000000000000000000
-0.00012207031250000000000000000000
-0.00018310546875000000000000000000
-0.00024414062500000000000000000000
-0.00024414062500000000000000000000
-0.00036621093750000000000000000000
-0.00042724609375000000000000000000
-0.00048828125000000000000000000000
-0.00061035156250000000000000000000
-0.00067138671875000000000000000000
-0.00079345703125000000000000000000
-0.00091552734375000000000000000000
-0.00097656250000000000000000000000
-0.00115966796875000000000000000000
-0.00128173828125000000000000000000
-0.00134277343750000000000000000000
-0.00152587890625000000000000000000
-0.00158691406250000000000000000000
-0.00170898437500000000000000000000
-0.00183105468750000000000000000000
-0.00195312500000000000000000000000
-0.00213623046875000000000000000000
-0.00225830078125000000000000000000
-0.00244140625000000000000000000000
-0.00256347656250000000000000000000
-0.00274658203125000000000000000000
-0.00286865234375000000000000000000
-0.00305175781250000000000000000000
-0.00317382812500000000000000000000
-0.00341796875000000000000000000000
-0.00360107421875000000000000000000
-0.00372314453125000000000000000000
-0.00390625000000000000000000000000
-0.00396728515625000000000000000000
-0.00402832031250000000000000000000
-0.00421142578125000000000000000000
-0.00427246093750000000000000000000
-0.00439453125000000000000000000000
-0.00457763671875000000000000000000
-0.00469970703125000000000000000000
-0.00482177734375000000000000000000
-0.00500488281250000000000000000000
-0.00506591796875000000000000000000
-0.00524902343750000000000000000000
-0.00543212890625000000000000000000
-0.00555419921875000000000000000000
-0.00573730468750000000000000000000
-0.00592041015625000000000000000000
-0.00604248046875000000000000000000
-0.00622558593750000000000000000000
-0.00634765625000000000000000000000
-0.00659179687500000000000000000000
-0.00677490234375000000000000000000
-0.00695800781250000000000000000000
-0.00714111328125000000000000000000
-0.00726318359375000000000000000000
-0.00744628906250000000000000000000
-0.00769042968750000000000000000000
-0.00781250000000000000000000000000
-0.00805664062500000000000000000000
-0.00830078125000000000000000000000
-0.00848388671875000000000000000000
-0.00866699218750000000000000000000
-0.00891113281250000000000000000000
-0.00903320312500000000000000000000
-0.00927734375000000000000000000000
-0.00946044921875000000000000000000
-0.00964355468750000000000000000000
-0.00982666015625000000000000000000
-0.00994873046875000000000000000000
-0.01007080078125000000000000000000
-0.01025390625000000000000000000000
-0.01037597656250000000000000000000
-0.01062011718750000000000000000000
-0.01086425781250000000000000000000
-0.01098632812500000000000000000000
-0.01123046875000000000000000000000
-0.01135253906250000000000000000000
-0.01153564453125000000000000000000
-0.01177978515625000000000000000000
-0.01196289062500000000000000000000
-0.01220703125000000000000000000000
-0.01251220703125000000000000000000
-0.01263427734375000000000000000000
-0.01293945312500000000000000000000
-0.01312255859375000000000000000000
-0.01336669921875000000000000000000
-0.01367187500000000000000000000000
-0.01397705078125000000000000000000
-0.01428222656250000000000000000000
-0.01464843750000000000000000000000
-0.01483154296875000000000000000000
-0.01507568359375000000000000000000
-0.01525878906250000000000000000000
-0.01538085937500000000000000000000
-0.01562500000000000000000000000000
-0.01580810546875000000000000000000
-0.01599121093750000000000000000000
-0.01623535156250000000000000000000
-0.01641845703125000000000000000000
-0.01660156250000000000000000000000
-0.01690673828125000000000000000000
-0.01708984375000000000000000000000
-0.01739501953125000000000000000000
-0.01770019531250000000000000000000
-0.01794433593750000000000000000000
-0.01824951171875000000000000000000
-0.01843261718750000000000000000000
-0.01867675781250000000000000000000
-0.01898193359375000000000000000000
-0.01922607421875000000000000000000
-0.01953125000000000000000000000000
-0.01989746093750000000000000000000
-0.02014160156250000000000000000000
-0.02038574218750000000000000000000
-0.02062988281250000000000000000000
-0.02081298828125000000000000000000
-0.02111816406250000000000000000000
-0.02136230468750000000000000000000
-0.02160644531250000000000000000000
-0.02191162109375000000000000000000
-0.02209472656250000000000000000000
-0.02233886718750000000000000000000
-0.02258300781250000000000000000000
-0.02276611328125000000000000000000
-0.02313232421875000000000000000000
-0.02343750000000000000000000000000
-0.02374267578125000000000000000000
-0.02416992187500000000000000000000
-0.02447509765625000000000000000000
-0.02478027343750000000000000000000
-0.02514648437500000000000000000000
-0.02539062500000000000000000000000
-0.02569580078125000000000000000000
-0.02593994140625000000000000000000
-0.02606201171875000000000000000000
-0.02630615234375000000000000000000
-0.02642822265625000000000000000000
-0.02661132812500000000000000000000
-0.02679443359375000000000000000000
-0.02691650390625000000000000000000
-0.02703857421875000000000000000000
-0.02728271484375000000000000000000
-0.02734375000000000000000000000000
-0.02758789062500000000000000000000
-0.02783203125000000000000000000000
-0.02801513671875000000000000000000
-0.02838134765625000000000000000000
-0.02862548828125000000000000000000
-0.02886962890625000000000000000000
-0.02911376953125000000000000000000
-0.02929687500000000000000000000000
-0.02947998046875000000000000000000
-0.02966308593750000000000000000000
-0.02984619140625000000000000000000
-0.03002929687500000000000000000000
-0.03015136718750000000000000000000
-0.03027343750000000000000000000000
-0.03045654296875000000000000000000
-0.03057861328125000000000000000000
-0.03070068359375000000000000000000
-0.03088378906250000000000000000000
-0.03100585937500000000000000000000
-0.03112792968750000000000000000000
-0.03125000000000000000000000000000
-0.03137207031250000000000000000000
-0.03149414062500000000000000000000
-0.03161621093750000000000000000000
-0.03167724609375000000000000000000
-0.03179931640625000000000000000000
-0.03186035156250000000000000000000
-0.03186035156250000000000000000000
-0.03192138671875000000000000000000
-0.03192138671875000000000000000000
-0.03192138671875000000000000000000
-0.03198242187500000000000000000000
-0.03198242187500000000000000000000
-0.03198242187500000000000000000000
-0.03198242187500000000000000000000
-0.03186035156250000000000000000000
-0.03186035156250000000000000000000
-0.03173828125000000000000000000000
-0.03173828125000000000000000000000
-0.03179931640625000000000000000000
-0.03179931640625000000000000000000
-0.03179931640625000000000000000000
-0.03192138671875000000000000000000
-0.03186035156250000000000000000000
-0.03186035156250000000000000000000
-0.03186035156250000000000000000000
-0.03186035156250000000000000000000
-0.03192138671875000000000000000000
-0.03198242187500000000000000000000
-0.03198242187500000000000000000000
-0.03198242187500000000000000000000
-0.03198242187500000000000000000000
-0.03186035156250000000000000000000
-0.03179931640625000000000000000000
-0.03167724609375000000000000000000
-0.03155517578125000000000000000000
-0.03149414062500000000000000000000
-0.03131103515625000000000000000000
-0.03118896484375000000000000000000
-0.03100585937500000000000000000000
-0.03088378906250000000000000000000
-0.03076171875000000000000000000000
-0.03057861328125000000000000000000
-0.03045654296875000000000000000000
-0.03039550781250000000000000000000
-0.03021240234375000000000000000000
-0.03009033203125000000000000000000
-0.02996826171875000000000000000000
-0.02978515625000000000000000000000
-0.02972412109375000000000000000000
-0.02960205078125000000000000000000
-0.02947998046875000000000000000000
-0.02935791015625000000000000000000
-0.02923583984375000000000000000000
-0.02911376953125000000000000000000
-0.02905273437500000000000000000000
-0.02893066406250000000000000000000
-0.02886962890625000000000000000000
-0.02874755859375000000000000000000
-0.02862548828125000000000000000000
-0.02850341796875000000000000000000
-0.02832031250000000000000000000000
-0.02807617187500000000000000000000
-0.02783203125000000000000000000000
-0.02758789062500000000000000000000
-0.02734375000000000000000000000000
-0.02722167968750000000000000000000
-0.02697753906250000000000000000000
-0.02679443359375000000000000000000
-0.02667236328125000000000000000000
-0.02642822265625000000000000000000
-0.02624511718750000000000000000000
-0.02606201171875000000000000000000
-0.02587890625000000000000000000000
-0.02575683593750000000000000000000
-0.02557373046875000000000000000000
-0.02545166015625000000000000000000
-0.02532958984375000000000000000000
-0.02514648437500000000000000000000
-0.02496337890625000000000000000000
-0.02484130859375000000000000000000
-0.02465820312500000000000000000000
-0.02465820312500000000000000000000
-0.02453613281250000000000000000000
-0.02447509765625000000000000000000
-0.02447509765625000000000000000000
-0.02435302734375000000000000000000
-0.02423095703125000000000000000000
-0.02410888671875000000000000000000
-0.02386474609375000000000000000000
-0.02368164062500000000000000000000
-0.02355957031250000000000000000000
-0.02337646484375000000000000000000
-0.02325439453125000000000000000000
-0.02307128906250000000000000000000
-0.02288818359375000000000000000000
-0.02270507812500000000000000000000
-0.02246093750000000000000000000000
-0.02227783203125000000000000000000
-0.02209472656250000000000000000000
-0.02191162109375000000000000000000
-0.02185058593750000000000000000000
-0.02166748046875000000000000000000
-0.02148437500000000000000000000000
-0.02142333984375000000000000000000
-0.02124023437500000000000000000000
-0.02111816406250000000000000000000
-0.02099609375000000000000000000000
-0.02087402343750000000000000000000
-0.02075195312500000000000000000000
-0.02056884765625000000000000000000
-0.02038574218750000000000000000000
-0.02020263671875000000000000000000
-0.02001953125000000000000000000000
-0.01989746093750000000000000000000
-0.01977539062500000000000000000000
-0.01965332031250000000000000000000
-0.01959228515625000000000000000000
-0.01947021484375000000000000000000
-0.01922607421875000000000000000000
-0.01910400390625000000000000000000
-0.01898193359375000000000000000000
-0.01892089843750000000000000000000
-0.01892089843750000000000000000000
-0.01885986328125000000000000000000
-0.01885986328125000000000000000000
-0.01879882812500000000000000000000
-0.01867675781250000000000000000000
-0.01855468750000000000000000000000
-0.01843261718750000000000000000000
-0.01831054687500000000000000000000
-0.01824951171875000000000000000000
-0.01812744140625000000000000000000
-0.01788330078125000000000000000000
-0.01770019531250000000000000000000
-0.01739501953125000000000000000000
-0.01721191406250000000000000000000
-0.01702880859375000000000000000000
-0.01684570312500000000000000000000
-0.01672363281250000000000000000000
-0.01660156250000000000000000000000
-0.01647949218750000000000000000000
-0.01641845703125000000000000000000
-0.01629638671875000000000000000000
-0.01617431640625000000000000000000
-0.01623535156250000000000000000000
-0.01617431640625000000000000000000
-0.01617431640625000000000000000000
-0.01617431640625000000000000000000
-0.01611328125000000000000000000000
-0.01611328125000000000000000000000
-0.01605224609375000000000000000000
-0.01593017578125000000000000000000
-0.01586914062500000000000000000000
-0.01574707031250000000000000000000
-0.01556396484375000000000000000000
-0.01544189453125000000000000000000
-0.01519775390625000000000000000000
-0.01507568359375000000000000000000
-0.01501464843750000000000000000000
-0.01489257812500000000000000000000
-0.01483154296875000000000000000000
-0.01470947265625000000000000000000
-0.01458740234375000000000000000000
-0.01446533203125000000000000000000
-0.01428222656250000000000000000000
-0.01422119140625000000000000000000
-0.01416015625000000000000000000000
-0.01403808593750000000000000000000
-0.01391601562500000000000000000000
-0.01379394531250000000000000000000
-0.01361083984375000000000000000000
-0.01348876953125000000000000000000
-0.01336669921875000000000000000000
-0.01330566406250000000000000000000
-0.01330566406250000000000000000000
-0.01324462890625000000000000000000
-0.01318359375000000000000000000000
-0.01312255859375000000000000000000
-0.01293945312500000000000000000000
-0.01287841796875000000000000000000
-0.01281738281250000000000000000000
-0.01275634765625000000000000000000
-0.01275634765625000000000000000000
-0.01275634765625000000000000000000
-0.01269531250000000000000000000000
-0.01263427734375000000000000000000
-0.01257324218750000000000000000000
-0.01251220703125000000000000000000
-0.01251220703125000000000000000000
-0.01245117187500000000000000000000
-0.01245117187500000000000000000000
-0.01232910156250000000000000000000
-0.01220703125000000000000000000000
-0.01208496093750000000000000000000
-0.01190185546875000000000000000000
-0.01171875000000000000000000000000
-0.01159667968750000000000000000000
-0.01147460937500000000000000000000
-0.01135253906250000000000000000000
-0.01123046875000000000000000000000
-0.01116943359375000000000000000000
-0.01104736328125000000000000000000
-0.01092529296875000000000000000000
-0.01080322265625000000000000000000
-0.01074218750000000000000000000000
-0.01062011718750000000000000000000
-0.01049804687500000000000000000000
-0.01043701171875000000000000000000
-0.01031494140625000000000000000000
-0.01019287109375000000000000000000
-0.01013183593750000000000000000000
-0.01000976562500000000000000000000
-0.01000976562500000000000000000000
-0.00994873046875000000000000000000
-0.00988769531250000000000000000000
-0.00982666015625000000000000000000
-0.00982666015625000000000000000000
-0.00976562500000000000000000000000
-0.00970458984375000000000000000000
-0.00964355468750000000000000000000
-0.00964355468750000000000000000000
-0.00958251953125000000000000000000
-0.00958251953125000000000000000000
-0.00958251953125000000000000000000
-0.00958251953125000000000000000000
-0.00964355468750000000000000000000
-0.00970458984375000000000000000000
-0.00970458984375000000000000000000
-0.00976562500000000000000000000000
-0.00982666015625000000000000000000
-0.00982666015625000000000000000000
-0.00982666015625000000000000000000
-0.00976562500000000000000000000000
-0.00970458984375000000000000000000
-0.00964355468750000000000000000000
-0.00952148437500000000000000000000
-0.00939941406250000000000000000000
-0.00933837890625000000000000000000
-0.00921630859375000000000000000000
-0.00915527343750000000000000000000
-0.00915527343750000000000000000000
-0.00921630859375000000000000000000
-0.00927734375000000000000000000000
-0.00933837890625000000000000000000
-0.00946044921875000000000000000000
-0.00952148437500000000000000000000
-0.00958251953125000000000000000000
-0.00964355468750000000000000000000
-0.00970458984375000000000000000000
-0.00976562500000000000000000000000
-0.00988769531250000000000000000000
-0.00988769531250000000000000000000
-0.00994873046875000000000000000000
-0.00988769531250000000000000000000
-0.00988769531250000000000000000000
-0.00982666015625000000000000000000
-0.00976562500000000000000000000000
-0.00976562500000000000000000000000
-0.00976562500000000000000000000000
-0.00970458984375000000000000000000
-0.00970458984375000000000000000000
-0.00970458984375000000000000000000
-0.00964355468750000000000000000000
-0.00970458984375000000000000000000
-0.00976562500000000000000000000000
-0.00982666015625000000000000000000
-0.00988769531250000000000000000000
-0.00988769531250000000000000000000
-0.00988769531250000000000000000000
-0.00982666015625000000000000000000
-0.00976562500000000000000000000000
-0.00970458984375000000000000000000
-0.00958251953125000000000000000000
-0.00946044921875000000000000000000
-0.00933837890625000000000000000000
-0.00921630859375000000000000000000
-0.00909423828125000000000000000000
-0.00903320312500000000000000000000
-0.00897216796875000000000000000000
-0.00903320312500000000000000000000
-0.00909423828125000000000000000000
-0.00921630859375000000000000000000
-0.00933837890625000000000000000000
-0.00946044921875000000000000000000
-0.00958251953125000000000000000000
-0.00970458984375000000000000000000
-0.00982666015625000000000000000000
-0.00994873046875000000000000000000
-0.01007080078125000000000000000000
-0.01013183593750000000000000000000
-0.01013183593750000000000000000000
-0.01013183593750000000000000000000
-0.01000976562500000000000000000000
-0.00994873046875000000000000000000
-0.00988769531250000000000000000000
-0.00976562500000000000000000000000
-0.00970458984375000000000000000000
-0.00964355468750000000000000000000
-0.00952148437500000000000000000000
-0.00952148437500000000000000000000
-0.00952148437500000000000000000000
-0.00964355468750000000000000000000
-0.00976562500000000000000000000000
-0.00982666015625000000000000000000
-0.00994873046875000000000000000000
-0.01007080078125000000000000000000
-0.01007080078125000000000000000000
-0.01007080078125000000000000000000
-0.01000976562500000000000000000000
-0.00988769531250000000000000000000
-0.00970458984375000000000000000000
-0.00952148437500000000000000000000
-0.00933837890625000000000000000000
-0.00909423828125000000000000000000
-0.00897216796875000000000000000000
-0.00891113281250000000000000000000
-0.00891113281250000000000000000000
-0.00897216796875000000000000000000
-0.00909423828125000000000000000000
-0.00927734375000000000000000000000
-0.00939941406250000000000000000000
-0.00964355468750000000000000000000
-0.00976562500000000000000000000000
-0.00988769531250000000000000000000
-0.01000976562500000000000000000000
-0.01000976562500000000000000000000
-0.01007080078125000000000000000000
-0.01007080078125000000000000000000
-0.01000976562500000000000000000000
-0.01000976562500000000000000000000
-0.00994873046875000000000000000000
-0.00988769531250000000000000000000
-0.00988769531250000000000000000000
-0.00988769531250000000000000000000
-0.00988769531250000000000000000000
-0.00988769531250000000000000000000
-0.00988769531250000000000000000000
-0.00988769531250000000000000000000
-0.00976562500000000000000000000000
-0.00970458984375000000000000000000
-0.00964355468750000000000000000000
-0.00958251953125000000000000000000
-0.00952148437500000000000000000000
-0.00958251953125000000000000000000
-0.00958251953125000000000000000000
-0.00958251953125000000000000000000
-0.00964355468750000000000000000000
-0.00970458984375000000000000000000
-0.00982666015625000000000000000000
-0.00988769531250000000000000000000
-0.01000976562500000000000000000000
-0.01013183593750000000000000000000
-0.01025390625000000000000000000000
-0.01031494140625000000000000000000
-0.01037597656250000000000000000000
-0.01031494140625000000000000000000
-0.01031494140625000000000000000000
-0.01025390625000000000000000000000
-0.01013183593750000000000000000000
-0.00994873046875000000000000000000
-0.00976562500000000000000000000000
-0.00958251953125000000000000000000
-0.00933837890625000000000000000000
-0.00909423828125000000000000000000
-0.00885009765625000000000000000000
-0.00866699218750000000000000000000
-0.00848388671875000000000000000000
-0.00836181640625000000000000000000
-0.00830078125000000000000000000000
-0.00830078125000000000000000000000
-0.00836181640625000000000000000000
-0.00842285156250000000000000000000
-0.00854492187500000000000000000000
-0.00872802734375000000000000000000
-0.00891113281250000000000000000000
-0.00903320312500000000000000000000
-0.00921630859375000000000000000000
-0.00927734375000000000000000000000
-0.00939941406250000000000000000000
-0.00939941406250000000000000000000
-0.00939941406250000000000000000000
-0.00939941406250000000000000000000
-0.00939941406250000000000000000000
-0.00933837890625000000000000000000
-0.00933837890625000000000000000000
-0.00927734375000000000000000000000
-0.00915527343750000000000000000000
-0.00909423828125000000000000000000
-0.00897216796875000000000000000000
-0.00885009765625000000000000000000
-0.00878906250000000000000000000000
-0.00872802734375000000000000000000
-0.00866699218750000000000000000000
-0.00866699218750000000000000000000
-0.00860595703125000000000000000000
-0.00860595703125000000000000000000
-0.00866699218750000000000000000000
-0.00872802734375000000000000000000
-0.00885009765625000000000000000000
-0.00897216796875000000000000000000
-0.00915527343750000000000000000000
-0.00927734375000000000000000000000
-0.00946044921875000000000000000000
-0.00958251953125000000000000000000
-0.00970458984375000000000000000000
-0.00982666015625000000000000000000
-0.00988769531250000000000000000000
-0.01000976562500000000000000000000
-0.01000976562500000000000000000000
-0.01007080078125000000000000000000
-0.01000976562500000000000000000000
-0.00994873046875000000000000000000
-0.00988769531250000000000000000000
-0.00976562500000000000000000000000
-0.00964355468750000000000000000000
-0.00946044921875000000000000000000
-0.00927734375000000000000000000000
-0.00909423828125000000000000000000
-0.00885009765625000000000000000000
-0.00872802734375000000000000000000
-0.00860595703125000000000000000000
-0.00854492187500000000000000000000
-0.00854492187500000000000000000000
-0.00854492187500000000000000000000
-0.00860595703125000000000000000000
-0.00872802734375000000000000000000
-0.00878906250000000000000000000000
-0.00891113281250000000000000000000
-0.00909423828125000000000000000000
-0.00927734375000000000000000000000
-0.00946044921875000000000000000000
-0.00964355468750000000000000000000
-0.00982666015625000000000000000000
-0.00994873046875000000000000000000
-0.00994873046875000000000000000000
-0.00994873046875000000000000000000
-0.00988769531250000000000000000000
-0.00976562500000000000000000000000
-0.00964355468750000000000000000000
-0.00946044921875000000000000000000
-0.00927734375000000000000000000000
-0.00909423828125000000000000000000
-0.00885009765625000000000000000000
-0.00866699218750000000000000000000
-0.00848388671875000000000000000000
-0.00836181640625000000000000000000
-0.00836181640625000000000000000000
-0.00836181640625000000000000000000
-0.00842285156250000000000000000000
-0.00848388671875000000000000000000
-0.00848388671875000000000000000000
-0.00848388671875000000000000000000
-0.00848388671875000000000000000000
-0.00842285156250000000000000000000
-0.00836181640625000000000000000000
-0.00823974609375000000000000000000
-0.00811767578125000000000000000000
-0.00799560546875000000000000000000
-0.00787353515625000000000000000000
-0.00781250000000000000000000000000
-0.00781250000000000000000000000000
-0.00781250000000000000000000000000
-0.00787353515625000000000000000000
-0.00805664062500000000000000000000
-0.00817871093750000000000000000000
-0.00830078125000000000000000000000
-0.00842285156250000000000000000000
-0.00848388671875000000000000000000
-0.00848388671875000000000000000000
-0.00842285156250000000000000000000
-0.00836181640625000000000000000000
-0.00823974609375000000000000000000
-0.00805664062500000000000000000000
-0.00787353515625000000000000000000
-0.00769042968750000000000000000000
-0.00750732421875000000000000000000
-0.00738525390625000000000000000000
-0.00732421875000000000000000000000
-0.00726318359375000000000000000000
-0.00732421875000000000000000000000
-0.00726318359375000000000000000000
-0.00726318359375000000000000000000
-0.00726318359375000000000000000000
-0.00726318359375000000000000000000
-0.00726318359375000000000000000000
-0.00726318359375000000000000000000
-0.00726318359375000000000000000000
-0.00726318359375000000000000000000
-0.00726318359375000000000000000000
-0.00720214843750000000000000000000
-0.00720214843750000000000000000000
-0.00714111328125000000000000000000
-0.00714111328125000000000000000000
-0.00708007812500000000000000000000
-0.00708007812500000000000000000000
-0.00708007812500000000000000000000
-0.00708007812500000000000000000000
-0.00714111328125000000000000000000
-0.00720214843750000000000000000000
-0.00726318359375000000000000000000
-0.00732421875000000000000000000000
-0.00744628906250000000000000000000
-0.00756835937500000000000000000000
-0.00775146484375000000000000000000
-0.00787353515625000000000000000000
-0.00805664062500000000000000000000
-0.00817871093750000000000000000000
-0.00830078125000000000000000000000
-0.00842285156250000000000000000000
-0.00854492187500000000000000000000
-0.00866699218750000000000000000000
-0.00878906250000000000000000000000
-0.00885009765625000000000000000000
-0.00891113281250000000000000000000
-0.00903320312500000000000000000000
-0.00909423828125000000000000000000
-0.00915527343750000000000000000000
-0.00927734375000000000000000000000
-0.00939941406250000000000000000000
-0.00952148437500000000000000000000
-0.00964355468750000000000000000000
-0.00976562500000000000000000000000
-0.00982666015625000000000000000000
-0.00994873046875000000000000000000
-0.01000976562500000000000000000000
-0.01013183593750000000000000000000
-0.01019287109375000000000000000000
-0.01031494140625000000000000000000
-0.01037597656250000000000000000000
-0.01043701171875000000000000000000
-0.01049804687500000000000000000000
-0.01049804687500000000000000000000
-0.01055908203125000000000000000000
-0.01062011718750000000000000000000
-0.01074218750000000000000000000000
-0.01086425781250000000000000000000
-0.01092529296875000000000000000000
-0.01104736328125000000000000000000
-0.01110839843750000000000000000000
-0.01123046875000000000000000000000
-0.01135253906250000000000000000000
-0.01147460937500000000000000000000
-0.01165771484375000000000000000000
-0.01171875000000000000000000000000
-0.01177978515625000000000000000000
-0.01184082031250000000000000000000
-0.01184082031250000000000000000000
-0.01184082031250000000000000000000
-0.01196289062500000000000000000000
-0.01190185546875000000000000000000
-0.01196289062500000000000000000000
-0.01196289062500000000000000000000
-0.01177978515625000000000000000000
-0.01177978515625000000000000000000
-0.01171875000000000000000000000000
-0.01159667968750000000000000000000
-0.01165771484375000000000000000000
-0.01153564453125000000000000000000
-0.01141357421875000000000000000000
-0.01135253906250000000000000000000
-0.01104736328125000000000000000000
