-0.75000000000000000000000000000000
-0.75000000000000000000000000000000
-0.75000000000000000000000000000000
-0.75000000000000000000000000000000
-0.75000000000000000000000000000000
-0.75000000000000000000000000000000
-0.75000000000000000000000000000000
-0.75000000000000000000000000000000
-0.75000000000000000000000000000000
-0.75000000000000000000000000000000
-0.75000000000000000000000000000000
-0.75000000000000000000000000000000
-0.75000000000000000000000000000000
-0.75000000000000000000000000000000
-0.75000000000000000000000000000000
-0.75000000000000000000000000000000
-0.75000000000000000000000000000000
-0.75000000000000000000000000000000
-0.75000000000000000000000000000000
-0.75000000000000000000000000000000
-0.75000000000000000000000000000000
-0.74987792968750000000000000000000
-0.74993896484375000000000000000000
-0.74993896484375000000000000000000
-0.74938964843750000000000000000000
-0.74957275390625000000000000000000
-0.74993896484375000000000000000000
-0.74798583984375000000000000000000
-0.74822998046875000000000000000000
-0.74993896484375000000000000000000
-0.74481201171875000000000000000000
-0.74395751953125000000000000000000
-0.75000000000000000000000000000000
-0.73919677734375000000000000000000
-0.73339843750000000000000000000000
-0.74951171875000000000000000000000
-0.73126220703125000000000000000000
-0.71142578125000000000000000000000
-0.74566650390625000000000000000000
-0.72308349609375000000000000000000
-0.67272949218750000000000000000000
-0.73254394531250000000000000000000
-0.71844482421875000000000000000000
-0.61450195312500000000000000000000
-0.70007324218750000000000000000000
-0.72119140625000000000000000000000
-0.53979492187500000000000000000000
-0.63580322265625000000000000000000
-0.73229980468750000000000000000000
-0.46002197265625000000000000000000
-0.52893066406250000000000000000000
-0.74591064453125000000000000000000
-0.39324951171875000000000000000000
-0.37652587890625000000000000000000
-0.74853515625000000000000000000000
-0.35925292968750000000000000000000
-0.18841552734375000000000000000000
-0.72119140625000000000000000000000
-0.37164306640625000000000000000000
0.01202392578125000000000000000000
-0.64562988281250000000000000000000
-0.43176269531250000000000000000000
0.19207763671875000000000000000000
-0.51177978515625000000000000000000
-0.52606201171875000000000000000000
0.31872558593750000000000000000000
-0.32293701171875000000000000000000
-0.62951660156250000000000000000000
0.36773681640625000000000000000000
-0.09625244140625000000000000000000
-0.71252441406250000000000000000000
0.33001708984375000000000000000000
0.14105224609375000000000000000000
-0.74957275390625000000000000000000
0.21331787109375000000000000000000
0.35876464843750000000000000000000
-0.72448730468750000000000000000000
0.03857421875000000000000000000000
0.52984619140625000000000000000000
-0.63330078125000000000000000000000
-0.16564941406250000000000000000000
0.63555908203125000000000000000000
-0.48303222656250000000000000000000
-0.36950683593750000000000000000000
0.66632080078125000000000000000000
-0.28839111328125000000000000000000
-0.54614257812500000000000000000000
0.62219238281250000000000000000000
-0.07037353515625000000000000000000
-0.67523193359375000000000000000000
0.50958251953125000000000000000000
0.15069580078125000000000000000000
-0.74218750000000000000000000000000
0.34313964843750000000000000000000
0.35314941406250000000000000000000
-0.74035644531250000000000000000000
0.13934326171875000000000000000000
0.51733398437500000000000000000000
-0.66986083984375000000000000000000
-0.08203125000000000000000000000000
0.62695312500000000000000000000000
-0.53759765625000000000000000000000
-0.29919433593750000000000000000000
0.67150878906250000000000000000000
-0.35656738281250000000000000000000
-0.49090576171875000000000000000000
0.64642333984375000000000000000000
-0.14447021484375000000000000000000
-0.63842773437500000000000000000000
0.55426025390625000000000000000000
0.07800292968750000000000000000000
-0.72729492187500000000000000000000
0.40405273437500000000000000000000
0.28900146484375000000000000000000
-0.74871826171875000000000000000000
0.21032714843750000000000000000000
0.46783447265625000000000000000000
-0.70068359375000000000000000000000
-0.00769042968750000000000000000000
0.59722900390625000000000000000000
-0.58782958984375000000000000000000
-0.22888183593750000000000000000000
0.66400146484375000000000000000000
-0.42120361328125000000000000000000
-0.43133544921875000000000000000000
0.66223144531250000000000000000000
-0.21710205078125000000000000000000
-0.59552001953125000000000000000000
0.59143066406250000000000000000000
0.00433349609375000000000000000000
-0.70501708984375000000000000000000
0.45916748046875000000000000000000
0.22167968750000000000000000000000
-0.74938964843750000000000000000000
0.27777099609375000000000000000000
0.41314697265625000000000000000000
-0.72412109375000000000000000000000
0.06567382812500000000000000000000
0.56072998046875000000000000000000
-0.63171386718750000000000000000000
-0.15692138671875000000000000000000
0.64904785156250000000000000000000
-0.48138427734375000000000000000000
-0.36767578125000000000000000000000
0.67053222656250000000000000000000
-0.28765869140625000000000000000000
-0.54650878906250000000000000000000
0.62200927734375000000000000000000
-0.06982421875000000000000000000000
-0.67547607421875000000000000000000
0.50946044921875000000000000000000
0.15136718750000000000000000000000
-0.74224853515625000000000000000000
0.34271240234375000000000000000000
0.35351562500000000000000000000000
-0.74023437500000000000000000000000
0.13916015625000000000000000000000
0.51794433593750000000000000000000
-0.66961669921875000000000000000000
-0.08233642578125000000000000000000
0.62725830078125000000000000000000
-0.53735351562500000000000000000000
-0.29925537109375000000000000000000
0.67230224609375000000000000000000
-0.35607910156250000000000000000000
-0.49102783203125000000000000000000
0.64691162109375000000000000000000
-0.14398193359375000000000000000000
-0.63842773437500000000000000000000
0.55535888671875000000000000000000
0.07897949218750000000000000000000
-0.72729492187500000000000000000000
0.40472412109375000000000000000000
0.28979492187500000000000000000000
-0.74871826171875000000000000000000
0.21148681640625000000000000000000
0.46936035156250000000000000000000
-0.70062255859375000000000000000000
-0.00708007812500000000000000000000
0.59814453125000000000000000000000
-0.58776855468750000000000000000000
-0.22808837890625000000000000000000
0.66571044921875000000000000000000
-0.42095947265625000000000000000000
-0.43103027343750000000000000000000
0.66302490234375000000000000000000
-0.21716308593750000000000000000000
-0.59509277343750000000000000000000
0.59283447265625000000000000000000
0.00463867187500000000000000000000
-0.70489501953125000000000000000000
0.45965576171875000000000000000000
0.22131347656250000000000000000000
-0.74932861328125000000000000000000
0.27880859375000000000000000000000
0.41339111328125000000000000000000
-0.72418212890625000000000000000000
0.06591796875000000000000000000000
0.55987548828125000000000000000000
-0.63214111328125000000000000000000
-0.15625000000000000000000000000000
0.64904785156250000000000000000000
-0.48175048828125000000000000000000
-0.36755371093750000000000000000000
0.66937255859375000000000000000000
-0.28863525390625000000000000000000
-0.54614257812500000000000000000000
0.62182617187500000000000000000000
-0.07049560546875000000000000000000
-0.67541503906250000000000000000000
0.50811767578125000000000000000000
0.14978027343750000000000000000000
-0.74218750000000000000000000000000
0.34222412109375000000000000000000
0.35253906250000000000000000000000
-0.74029541015625000000000000000000
0.13775634765625000000000000000000
0.51562500000000000000000000000000
-0.66986083984375000000000000000000
-0.08300781250000000000000000000000
0.62579345703125000000000000000000
-0.53753662109375000000000000000000
-0.30029296875000000000000000000000
0.66931152343750000000000000000000
-0.35687255859375000000000000000000
-0.49139404296875000000000000000000
0.64508056640625000000000000000000
-0.14459228515625000000000000000000
-0.63879394531250000000000000000000
0.55224609375000000000000000000000
0.07714843750000000000000000000000
-0.72735595703125000000000000000000
0.40313720703125000000000000000000
0.28863525390625000000000000000000
-0.74871826171875000000000000000000
0.20928955078125000000000000000000
0.46673583984375000000000000000000
-0.70074462890625000000000000000000
-0.00781250000000000000000000000000
0.59692382812500000000000000000000
-0.58789062500000000000000000000000
-0.22894287109375000000000000000000
0.66326904296875000000000000000000
-0.42169189453125000000000000000000
-0.43090820312500000000000000000000
0.66259765625000000000000000000000
-0.21746826171875000000000000000000
-0.59515380859375000000000000000000
0.59167480468750000000000000000000
0.00360107421875000000000000000000
-0.70471191406250000000000000000000
0.46044921875000000000000000000000
0.22149658203125000000000000000000
-0.74932861328125000000000000000000
0.27893066406250000000000000000000
0.41284179687500000000000000000000
-0.72436523437500000000000000000000
0.06732177734375000000000000000000
0.56127929687500000000000000000000
-0.63214111328125000000000000000000
-0.15563964843750000000000000000000
0.64959716796875000000000000000000
-0.48199462890625000000000000000000
-0.36651611328125000000000000000000
0.67193603515625000000000000000000
-0.28802490234375000000000000000000
-0.54583740234375000000000000000000
0.62316894531250000000000000000000
-0.07012939453125000000000000000000
-0.67510986328125000000000000000000
0.51086425781250000000000000000000
0.15148925781250000000000000000000
-0.74218750000000000000000000000000
0.34350585937500000000000000000000
0.35363769531250000000000000000000
-0.74029541015625000000000000000000
0.13977050781250000000000000000000
0.51824951171875000000000000000000
-0.66967773437500000000000000000000
-0.08221435546875000000000000000000
0.62719726562500000000000000000000
-0.53747558593750000000000000000000
-0.29919433593750000000000000000000
0.67199707031250000000000000000000
-0.35620117187500000000000000000000
-0.49114990234375000000000000000000
0.64624023437500000000000000000000
-0.14434814453125000000000000000000
-0.63848876953125000000000000000000
0.55438232421875000000000000000000
0.07818603515625000000000000000000
-0.72729492187500000000000000000000
0.40374755859375000000000000000000
0.28875732421875000000000000000000
-0.74871826171875000000000000000000
0.21051025390625000000000000000000
0.46777343750000000000000000000000
-0.70074462890625000000000000000000
-0.00762939453125000000000000000000
0.59661865234375000000000000000000
-0.58813476562500000000000000000000
-0.22845458984375000000000000000000
0.66387939453125000000000000000000
-0.42163085937500000000000000000000
-0.43103027343750000000000000000000
0.66174316406250000000000000000000
-0.21795654296875000000000000000000
-0.59509277343750000000000000000000
0.59155273437500000000000000000000
0.00347900390625000000000000000000
-0.70477294921875000000000000000000
0.45916748046875000000000000000000
0.22052001953125000000000000000000
-0.74932861328125000000000000000000
0.27825927734375000000000000000000
0.41223144531250000000000000000000
-0.72430419921875000000000000000000
0.06610107421875000000000000000000
0.55957031250000000000000000000000
-0.63226318359375000000000000000000
-0.15631103515625000000000000000000
0.64825439453125000000000000000000
-0.48217773437500000000000000000000
-0.36724853515625000000000000000000
0.66955566406250000000000000000000
-0.28875732421875000000000000000000
-0.54608154296875000000000000000000
0.62133789062500000000000000000000
-0.07110595703125000000000000000000
-0.67523193359375000000000000000000
0.50848388671875000000000000000000
0.14965820312500000000000000000000
-0.74218750000000000000000000000000
0.34179687500000000000000000000000
0.35162353515625000000000000000000
-0.74035644531250000000000000000000
0.13806152343750000000000000000000
0.51538085937500000000000000000000
-0.66992187500000000000000000000000
-0.08331298828125000000000000000000
0.62438964843750000000000000000000
-0.53796386718750000000000000000000
-0.30017089843750000000000000000000
0.66882324218750000000000000000000
-0.35711669921875000000000000000000
-0.49169921875000000000000000000000
0.64318847656250000000000000000000
-0.14550781250000000000000000000000
-0.63885498046875000000000000000000
0.55133056640625000000000000000000
0.07672119140625000000000000000000
-0.72747802734375000000000000000000
0.40087890625000000000000000000000
0.28704833984375000000000000000000
-0.74871826171875000000000000000000
0.20788574218750000000000000000000
0.46594238281250000000000000000000
-0.70050048828125000000000000000000
-0.01000976562500000000000000000000
0.59454345703125000000000000000000
-0.58770751953125000000000000000000
-0.23040771484375000000000000000000
0.66186523437500000000000000000000
-0.42108154296875000000000000000000
-0.43261718750000000000000000000000
0.65948486328125000000000000000000
-0.21740722656250000000000000000000
-0.59606933593750000000000000000000
0.58959960937500000000000000000000
0.00415039062500000000000000000000
-0.70532226562500000000000000000000
0.45709228515625000000000000000000
0.22082519531250000000000000000000
-0.74938964843750000000000000000000
0.27679443359375000000000000000000
0.41278076171875000000000000000000
-0.72399902343750000000000000000000
0.06463623046875000000000000000000
0.55963134765625000000000000000000
-0.63177490234375000000000000000000
-0.15704345703125000000000000000000
0.64886474609375000000000000000000
-0.48144531250000000000000000000000
-0.36785888671875000000000000000000
0.66967773437500000000000000000000
-0.28814697265625000000000000000000
-0.54626464843750000000000000000000
0.62225341796875000000000000000000
-0.07012939453125000000000000000000
-0.67535400390625000000000000000000
0.50903320312500000000000000000000
0.15039062500000000000000000000000
-0.74218750000000000000000000000000
0.34313964843750000000000000000000
0.35308837890625000000000000000000
-0.74029541015625000000000000000000
0.13891601562500000000000000000000
0.51660156250000000000000000000000
-0.66998291015625000000000000000000
-0.08203125000000000000000000000000
0.62652587890625000000000000000000
-0.53771972656250000000000000000000
-0.29937744140625000000000000000000
0.67047119140625000000000000000000
-0.35699462890625000000000000000000
-0.49096679687500000000000000000000
0.64575195312500000000000000000000
-0.14483642578125000000000000000000
-0.63854980468750000000000000000000
0.55316162109375000000000000000000
0.07733154296875000000000000000000
-0.72729492187500000000000000000000
0.40319824218750000000000000000000
0.28839111328125000000000000000000
-0.74871826171875000000000000000000
0.20922851562500000000000000000000
0.46691894531250000000000000000000
-0.70062255859375000000000000000000
-0.00860595703125000000000000000000
0.59619140625000000000000000000000
-0.58770751953125000000000000000000
-0.22973632812500000000000000000000
0.66278076171875000000000000000000
-0.42114257812500000000000000000000
-0.43200683593750000000000000000000
0.66082763671875000000000000000000
-0.21710205078125000000000000000000
-0.59594726562500000000000000000000
0.59002685546875000000000000000000
0.00421142578125000000000000000000
-0.70526123046875000000000000000000
0.45770263671875000000000000000000
0.22125244140625000000000000000000
-0.74938964843750000000000000000000
0.27667236328125000000000000000000
0.41284179687500000000000000000000
-0.72399902343750000000000000000000
0.06469726562500000000000000000000
0.55993652343750000000000000000000
-0.63159179687500000000000000000000
-0.15747070312500000000000000000000
0.64880371093750000000000000000000
-0.48120117187500000000000000000000
-0.36816406250000000000000000000000
0.66979980468750000000000000000000
-0.28765869140625000000000000000000
-0.54663085937500000000000000000000
0.62213134765625000000000000000000
-0.06945800781250000000000000000000
-0.67559814453125000000000000000000
0.50897216796875000000000000000000
0.15130615234375000000000000000000
-0.74230957031250000000000000000000
0.34289550781250000000000000000000
0.35418701171875000000000000000000
-0.74017333984375000000000000000000
0.13867187500000000000000000000000
0.51770019531250000000000000000000
-0.66955566406250000000000000000000
-0.08233642578125000000000000000000
0.62805175781250000000000000000000
-0.53698730468750000000000000000000
-0.29980468750000000000000000000000
0.67156982421875000000000000000000
-0.35601806640625000000000000000000
-0.49121093750000000000000000000000
0.64727783203125000000000000000000
-0.14337158203125000000000000000000
-0.63879394531250000000000000000000
0.55383300781250000000000000000000
0.07843017578125000000000000000000
-0.72735595703125000000000000000000
0.40435791015625000000000000000000
0.29022216796875000000000000000000
-0.74865722656250000000000000000000
0.20959472656250000000000000000000
0.46777343750000000000000000000000
-0.70056152343750000000000000000000
-0.00781250000000000000000000000000
0.59802246093750000000000000000000
-0.58740234375000000000000000000000
-0.22967529296875000000000000000000
0.66302490234375000000000000000000
-0.42120361328125000000000000000000
-0.43157958984375000000000000000000
0.66235351562500000000000000000000
-0.21661376953125000000000000000000
-0.59594726562500000000000000000000
0.58966064453125000000000000000000
0.00366210937500000000000000000000
-0.70507812500000000000000000000000
0.45886230468750000000000000000000
0.22192382812500000000000000000000
-0.74938964843750000000000000000000
0.27593994140625000000000000000000
0.41162109375000000000000000000000
-0.72412109375000000000000000000000
0.06524658203125000000000000000000
0.56072998046875000000000000000000
-0.63146972656250000000000000000000
-0.15826416015625000000000000000000
0.64672851562500000000000000000000
-0.48175048828125000000000000000000
-0.36798095703125000000000000000000
0.67034912109375000000000000000000
-0.28735351562500000000000000000000
-0.54718017578125000000000000000000
0.61932373046875000000000000000000
-0.07092285156250000000000000000000
-0.67553710937500000000000000000000
0.50903320312500000000000000000000
0.15155029296875000000000000000000
-0.74237060546875000000000000000000
0.33996582031250000000000000000000
0.35125732421875000000000000000000
-0.74029541015625000000000000000000
0.13842773437500000000000000000000
0.51770019531250000000000000000000
-0.66937255859375000000000000000000
-0.08465576171875000000000000000000
0.62353515625000000000000000000000
-0.53778076171875000000000000000000
-0.29998779296875000000000000000000
0.67114257812500000000000000000000
-0.35583496093750000000000000000000
-0.49243164062500000000000000000000
0.64196777343750000000000000000000
-0.14562988281250000000000000000000
-0.63873291015625000000000000000000
0.55340576171875000000000000000000
0.07861328125000000000000000000000
-0.72766113281250000000000000000000
0.39953613281250000000000000000000
0.28613281250000000000000000000000
-0.74871826171875000000000000000000
0.20935058593750000000000000000000
0.46807861328125000000000000000000
-0.70025634765625000000000000000000
-0.01116943359375000000000000000000
0.59259033203125000000000000000000
-0.58813476562500000000000000000000
-0.22955322265625000000000000000000
0.66375732421875000000000000000000
-0.42053222656250000000000000000000
-0.43328857421875000000000000000000
0.65661621093750000000000000000000
-0.21881103515625000000000000000000
-0.59564208984375000000000000000000
0.59082031250000000000000000000000
0.00469970703125000000000000000000
-0.70550537109375000000000000000000
0.45379638671875000000000000000000
0.21771240234375000000000000000000
-0.74932861328125000000000000000000
0.27728271484375000000000000000000
0.41290283203125000000000000000000
-0.72393798828125000000000000000000
0.06182861328125000000000000000000
0.55444335937500000000000000000000
-0.63256835937500000000000000000000
-0.15698242187500000000000000000000
0.64813232421875000000000000000000
-0.48150634765625000000000000000000
-0.36962890625000000000000000000000
0.66290283203125000000000000000000
-0.29083251953125000000000000000000
-0.54614257812500000000000000000000
0.62072753906250000000000000000000
-0.07098388671875000000000000000000
-0.67590332031250000000000000000000
0.50207519531250000000000000000000
0.14495849609375000000000000000000
-0.74206542968750000000000000000000
0.34136962890625000000000000000000
0.35101318359375000000000000000000
-0.74023437500000000000000000000000
0.13342285156250000000000000000000
0.50823974609375000000000000000000
-0.67083740234375000000000000000000
-0.08312988281250000000000000000000
0.62353515625000000000000000000000
-0.53808593750000000000000000000000
-0.30249023437500000000000000000000
0.66064453125000000000000000000000
-0.36022949218750000000000000000000
-0.49102783203125000000000000000000
0.64257812500000000000000000000000
-0.14642333984375000000000000000000
-0.63940429687500000000000000000000
0.54400634765625000000000000000000
0.07061767578125000000000000000000
-0.72698974609375000000000000000000
0.40093994140625000000000000000000
0.28540039062500000000000000000000
-0.74871826171875000000000000000000
0.20288085937500000000000000000000
0.45715332031250000000000000000000
-0.70159912109375000000000000000000
-0.00915527343750000000000000000000
0.59265136718750000000000000000000
-0.58850097656250000000000000000000
-0.23272705078125000000000000000000
0.65185546875000000000000000000000
-0.42510986328125000000000000000000
-0.43127441406250000000000000000000
0.65783691406250000000000000000000
-0.21954345703125000000000000000000
-0.59649658203125000000000000000000
0.58032226562500000000000000000000
-0.00354003906250000000000000000000
-0.70452880859375000000000000000000
0.45611572265625000000000000000000
0.21740722656250000000000000000000
-0.74932861328125000000000000000000
0.26989746093750000000000000000000
0.40191650390625000000000000000000
-0.72491455078125000000000000000000
0.06445312500000000000000000000000
0.55554199218750000000000000000000
-0.63256835937500000000000000000000
-0.16094970703125000000000000000000
0.63635253906250000000000000000000
-0.48522949218750000000000000000000
-0.36743164062500000000000000000000
0.66577148437500000000000000000000
-0.29028320312500000000000000000000
-0.54766845703125000000000000000000
0.61029052734375000000000000000000
-0.07739257812500000000000000000000
-0.67486572265625000000000000000000
0.50585937500000000000000000000000
0.14709472656250000000000000000000
-0.74230957031250000000000000000000
0.33380126953125000000000000000000
0.34265136718750000000000000000000
-0.74066162109375000000000000000000
0.13696289062500000000000000000000
0.51269531250000000000000000000000
-0.67004394531250000000000000000000
-0.08764648437500000000000000000000
0.61462402343750000000000000000000
-0.54010009765625000000000000000000
-0.29998779296875000000000000000000
0.66693115234375000000000000000000
-0.35784912109375000000000000000000
-0.49322509765625000000000000000000
0.63458251953125000000000000000000
-0.15002441406250000000000000000000
-0.63830566406250000000000000000000
0.55065917968750000000000000000000
0.07562255859375000000000000000000
-0.72760009765625000000000000000000
0.39477539062500000000000000000000
0.28057861328125000000000000000000
-0.74877929687500000000000000000000
0.20812988281250000000000000000000
0.46496582031250000000000000000000
-0.70056152343750000000000000000000
-0.01348876953125000000000000000000
0.58703613281250000000000000000000
-0.58929443359375000000000000000000
-0.22979736328125000000000000000000
0.66107177734375000000000000000000
-0.42156982421875000000000000000000
-0.43402099609375000000000000000000
0.65197753906250000000000000000000
-0.22100830078125000000000000000000
-0.59552001953125000000000000000000
0.58880615234375000000000000000000
0.00311279296875000000000000000000
-0.70562744140625000000000000000000
0.45056152343750000000000000000000
0.21490478515625000000000000000000
-0.74932861328125000000000000000000
0.27587890625000000000000000000000
0.41107177734375000000000000000000
-0.72393798828125000000000000000000
0.05987548828125000000000000000000
0.55175781250000000000000000000000
-0.63275146484375000000000000000000
-0.15783691406250000000000000000000
0.64648437500000000000000000000000
-0.48162841796875000000000000000000
-0.37054443359375000000000000000000
0.66101074218750000000000000000000
-0.29089355468750000000000000000000
-0.54656982421875000000000000000000
0.61956787109375000000000000000000
-0.07092285156250000000000000000000
-0.67620849609375000000000000000000
0.50122070312500000000000000000000
0.14550781250000000000000000000000
-0.74218750000000000000000000000000
0.34082031250000000000000000000000
0.35174560546875000000000000000000
-0.74011230468750000000000000000000
0.13330078125000000000000000000000
0.51000976562500000000000000000000
-0.67028808593750000000000000000000
-0.08343505859375000000000000000000
0.62512207031250000000000000000000
-0.53729248046875000000000000000000
-0.30242919921875000000000000000000
0.66369628906250000000000000000000
-0.35839843750000000000000000000000
-0.49139404296875000000000000000000
0.64477539062500000000000000000000
-0.14440917968750000000000000000000
-0.63946533203125000000000000000000
0.54760742187500000000000000000000
0.07446289062500000000000000000000
-0.72729492187500000000000000000000
0.40301513671875000000000000000000
0.28887939453125000000000000000000
-0.74865722656250000000000000000000
0.20593261718750000000000000000000
0.46313476562500000000000000000000
-0.70092773437500000000000000000000
-0.00787353515625000000000000000000
0.59722900390625000000000000000000
-0.58752441406250000000000000000000
-0.23095703125000000000000000000000
0.65917968750000000000000000000000
-0.42248535156250000000000000000000
-0.43096923828125000000000000000000
0.66278076171875000000000000000000
-0.21697998046875000000000000000000
-0.59600830078125000000000000000000
0.58758544921875000000000000000000
0.00170898437500000000000000000000
-0.70471191406250000000000000000000
0.46032714843750000000000000000000
0.22174072265625000000000000000000
-0.74938964843750000000000000000000
0.27569580078125000000000000000000
0.40960693359375000000000000000000
-0.72448730468750000000000000000000
0.06719970703125000000000000000000
0.56115722656250000000000000000000
-0.63195800781250000000000000000000
-0.15747070312500000000000000000000
0.64550781250000000000000000000000
-0.48297119140625000000000000000000
-0.36639404296875000000000000000000
0.67150878906250000000000000000000
-0.28814697265625000000000000000000
-0.54644775390625000000000000000000
0.61914062500000000000000000000000
-0.07238769531250000000000000000000
-0.67492675781250000000000000000000
0.51055908203125000000000000000000
0.15100097656250000000000000000000
-0.74224853515625000000000000000000
0.34045410156250000000000000000000
0.35028076171875000000000000000000
-0.74041748046875000000000000000000
0.13964843750000000000000000000000
0.51782226562500000000000000000000
-0.66955566406250000000000000000000
-0.08410644531250000000000000000000
0.62347412109375000000000000000000
-0.53808593750000000000000000000000
-0.29931640625000000000000000000000
0.67187500000000000000000000000000
-0.35589599609375000000000000000000
-0.49218750000000000000000000000000
0.64276123046875000000000000000000
-0.14544677734375000000000000000000
-0.63861083984375000000000000000000
0.55432128906250000000000000000000
0.07891845703125000000000000000000
-0.72760009765625000000000000000000
0.40081787109375000000000000000000
0.28717041015625000000000000000000
-0.74871826171875000000000000000000
0.21026611328125000000000000000000
0.46875000000000000000000000000000
-0.70037841796875000000000000000000
-0.00970458984375000000000000000000
0.59454345703125000000000000000000
-0.58807373046875000000000000000000
-0.22869873046875000000000000000000
0.66479492187500000000000000000000
-0.42083740234375000000000000000000
-0.43212890625000000000000000000000
0.65948486328125000000000000000000
-0.21838378906250000000000000000000
-0.59509277343750000000000000000000
0.59240722656250000000000000000000
0.00439453125000000000000000000000
-0.70507812500000000000000000000000
0.45733642578125000000000000000000
0.21923828125000000000000000000000
-0.74932861328125000000000000000000
0.27923583984375000000000000000000
0.41326904296875000000000000000000
-0.72424316406250000000000000000000
0.06518554687500000000000000000000
0.55786132812500000000000000000000
-0.63262939453125000000000000000000
-0.15533447265625000000000000000000
0.64978027343750000000000000000000
-0.48199462890625000000000000000000
-0.36743164062500000000000000000000
0.66827392578125000000000000000000
-0.28961181640625000000000000000000
-0.54541015625000000000000000000000
0.62347412109375000000000000000000
-0.07037353515625000000000000000000
-0.67523193359375000000000000000000
0.50805664062500000000000000000000
0.14886474609375000000000000000000
-0.74206542968750000000000000000000
0.34417724609375000000000000000000
0.35351562500000000000000000000000
-0.74029541015625000000000000000000
0.13818359375000000000000000000000
0.51513671875000000000000000000000
-0.67016601562500000000000000000000
-0.08148193359375000000000000000000
0.62756347656250000000000000000000
-0.53747558593750000000000000000000
-0.29992675781250000000000000000000
0.66918945312500000000000000000000
-0.35723876953125000000000000000000
-0.49078369140625000000000000000000
0.64697265625000000000000000000000
-0.14404296875000000000000000000000
-0.63879394531250000000000000000000
0.55206298828125000000000000000000
0.07684326171875000000000000000000
-0.72723388671875000000000000000000
0.40423583984375000000000000000000
0.28961181640625000000000000000000
-0.74871826171875000000000000000000
0.20849609375000000000000000000000
0.46612548828125000000000000000000
-0.70074462890625000000000000000000
-0.00769042968750000000000000000000
0.59765625000000000000000000000000
-0.58752441406250000000000000000000
-0.22998046875000000000000000000000
0.66180419921875000000000000000000
-0.42169189453125000000000000000000
-0.43133544921875000000000000000000
0.66235351562500000000000000000000
-0.21691894531250000000000000000000
-0.59588623046875000000000000000000
0.58917236328125000000000000000000
0.00292968750000000000000000000000
-0.70495605468750000000000000000000
0.45916748046875000000000000000000
0.22137451171875000000000000000000
-0.74938964843750000000000000000000
0.27606201171875000000000000000000
0.41070556640625000000000000000000
-0.72430419921875000000000000000000
0.06585693359375000000000000000000
0.55999755859375000000000000000000
-0.63195800781250000000000000000000
-0.15777587890625000000000000000000
0.64587402343750000000000000000000
-0.48254394531250000000000000000000
-0.36737060546875000000000000000000
0.66955566406250000000000000000000
-0.28851318359375000000000000000000
-0.54663085937500000000000000000000
0.61883544921875000000000000000000
-0.07220458984375000000000000000000
-0.67517089843750000000000000000000
0.50854492187500000000000000000000
0.14984130859375000000000000000000
-0.74224853515625000000000000000000
0.34008789062500000000000000000000
0.34991455078125000000000000000000
-0.74041748046875000000000000000000
0.13836669921875000000000000000000
0.51580810546875000000000000000000
-0.66986083984375000000000000000000
-0.08404541015625000000000000000000
0.62286376953125000000000000000000
-0.53833007812500000000000000000000
-0.29962158203125000000000000000000
0.66979980468750000000000000000000
-0.35693359375000000000000000000000
-0.49176025390625000000000000000000
0.64233398437500000000000000000000
-0.14624023437500000000000000000000
-0.63842773437500000000000000000000
0.55297851562500000000000000000000
0.07727050781250000000000000000000
-0.72741699218750000000000000000000
0.40093994140625000000000000000000
0.28619384765625000000000000000000
-0.74877929687500000000000000000000
0.20983886718750000000000000000000
0.46704101562500000000000000000000
-0.70068359375000000000000000000000
-0.00933837890625000000000000000000
0.59387207031250000000000000000000
-0.58843994140625000000000000000000
-0.22869873046875000000000000000000
0.66345214843750000000000000000000
-0.42150878906250000000000000000000
-0.43182373046875000000000000000000
0.65917968750000000000000000000000
-0.21875000000000000000000000000000
-0.59509277343750000000000000000000
0.59143066406250000000000000000000
0.00372314453125000000000000000000
-0.70501708984375000000000000000000
0.45703125000000000000000000000000
0.21905517578125000000000000000000
-0.74932861328125000000000000000000
0.27832031250000000000000000000000
0.41259765625000000000000000000000
-0.72424316406250000000000000000000
0.06463623046875000000000000000000
0.55761718750000000000000000000000
-0.63244628906250000000000000000000
-0.15618896484375000000000000000000
0.64880371093750000000000000000000
-0.48187255859375000000000000000000
-0.36798095703125000000000000000000
0.66754150390625000000000000000000
-0.28936767578125000000000000000000
-0.54589843750000000000000000000000
0.62213134765625000000000000000000
-0.07055664062500000000000000000000
-0.67547607421875000000000000000000
0.50701904296875000000000000000000
0.14868164062500000000000000000000
-0.74212646484375000000000000000000
0.34283447265625000000000000000000
0.35266113281250000000000000000000
-0.74029541015625000000000000000000
0.13739013671875000000000000000000
0.51446533203125000000000000000000
-0.67016601562500000000000000000000
-0.08215332031250000000000000000000
0.62634277343750000000000000000000
-0.53765869140625000000000000000000
-0.30017089843750000000000000000000
0.66839599609375000000000000000000
-0.35760498046875000000000000000000
-0.49078369140625000000000000000000
0.64611816406250000000000000000000
-0.14471435546875000000000000000000
-0.63867187500000000000000000000000
0.55187988281250000000000000000000
0.07623291015625000000000000000000
-0.72717285156250000000000000000000
0.40429687500000000000000000000000
0.28887939453125000000000000000000
-0.74871826171875000000000000000000
0.20916748046875000000000000000000
0.46588134765625000000000000000000
-0.70092773437500000000000000000000
-0.00701904296875000000000000000000
0.59753417968750000000000000000000
-0.58789062500000000000000000000000
-0.22912597656250000000000000000000
0.66235351562500000000000000000000
-0.42205810546875000000000000000000
-0.43072509765625000000000000000000
0.66314697265625000000000000000000
-0.21716308593750000000000000000000
-0.59545898437500000000000000000000
0.59020996093750000000000000000000
0.00299072265625000000000000000000
-0.70477294921875000000000000000000
0.46026611328125000000000000000000
0.22174072265625000000000000000000
-0.74932861328125000000000000000000
0.27709960937500000000000000000000
0.41137695312500000000000000000000
-0.72436523437500000000000000000000
0.06665039062500000000000000000000
0.56085205078125000000000000000000
-0.63195800781250000000000000000000
-0.15716552734375000000000000000000
0.64697265625000000000000000000000
-0.48236083984375000000000000000000
-0.36706542968750000000000000000000
0.67065429687500000000000000000000
-0.28814697265625000000000000000000
-0.54650878906250000000000000000000
0.61999511718750000000000000000000
-0.07159423828125000000000000000000
-0.67517089843750000000000000000000
0.50939941406250000000000000000000
0.15057373046875000000000000000000
-0.74224853515625000000000000000000
0.34082031250000000000000000000000
0.35095214843750000000000000000000
-0.74035644531250000000000000000000
0.13879394531250000000000000000000
0.51684570312500000000000000000000
-0.66967773437500000000000000000000
-0.08386230468750000000000000000000
0.62390136718750000000000000000000
-0.53796386718750000000000000000000
-0.29974365234375000000000000000000
0.67065429687500000000000000000000
-0.35632324218750000000000000000000
-0.49200439453125000000000000000000
0.64300537109375000000000000000000
-0.14532470703125000000000000000000
-0.63879394531250000000000000000000
0.55303955078125000000000000000000
0.07824707031250000000000000000000
-0.72760009765625000000000000000000
0.40069580078125000000000000000000
0.28735351562500000000000000000000
-0.74871826171875000000000000000000
0.20898437500000000000000000000000
0.46783447265625000000000000000000
-0.70025634765625000000000000000000
-0.01043701171875000000000000000000
0.59454345703125000000000000000000
-0.58764648437500000000000000000000
-0.23004150390625000000000000000000
0.66339111328125000000000000000000
-0.42047119140625000000000000000000
-0.43304443359375000000000000000000
0.65875244140625000000000000000000
-0.21746826171875000000000000000000
-0.59606933593750000000000000000000
0.59020996093750000000000000000000
0.00488281250000000000000000000000
-0.70556640625000000000000000000000
0.45568847656250000000000000000000
0.22021484375000000000000000000000
-0.74938964843750000000000000000000
0.27655029296875000000000000000000
0.41326904296875000000000000000000
-0.72381591796875000000000000000000
0.06304931640625000000000000000000
0.55822753906250000000000000000000
-0.63171386718750000000000000000000
-0.15771484375000000000000000000000
0.64880371093750000000000000000000
-0.48089599609375000000000000000000
-0.36914062500000000000000000000000
0.66766357421875000000000000000000
-0.28808593750000000000000000000000
-0.54681396484375000000000000000000
0.62176513671875000000000000000000
-0.06921386718750000000000000000000
-0.67596435546875000000000000000000
0.50683593750000000000000000000000
0.15026855468750000000000000000000
-0.74230957031250000000000000000000
0.34240722656250000000000000000000
0.35418701171875000000000000000000
-0.74011230468750000000000000000000
0.13714599609375000000000000000000
0.51623535156250000000000000000000
-0.66955566406250000000000000000000
-0.08264160156250000000000000000000
0.62786865234375000000000000000000
-0.53680419921875000000000000000000
-0.30053710937500000000000000000000
0.67016601562500000000000000000000
-0.35626220703125000000000000000000
-0.49127197265625000000000000000000
0.64727783203125000000000000000000
-0.14318847656250000000000000000000
-0.63897705078125000000000000000000
0.55310058593750000000000000000000
0.07812500000000000000000000000000
-0.72735595703125000000000000000000
0.40490722656250000000000000000000
0.29071044921875000000000000000000
-0.74865722656250000000000000000000
0.20959472656250000000000000000000
0.46783447265625000000000000000000
-0.70062255859375000000000000000000
-0.00701904296875000000000000000000
0.59912109375000000000000000000000
-0.58734130859375000000000000000000
-0.22918701171875000000000000000000
0.66381835937500000000000000000000
-0.42120361328125000000000000000000
-0.43096923828125000000000000000000
0.66406250000000000000000000000000
-0.21630859375000000000000000000000
-0.59558105468750000000000000000000
0.59112548828125000000000000000000
0.00402832031250000000000000000000
-0.70489501953125000000000000000000
0.46063232421875000000000000000000
0.22265625000000000000000000000000
-0.74938964843750000000000000000000
0.27752685546875000000000000000000
0.41247558593750000000000000000000
-0.72424316406250000000000000000000
0.06671142578125000000000000000000
0.56176757812500000000000000000000
-0.63171386718750000000000000000000
-0.15704345703125000000000000000000
0.64807128906250000000000000000000
-0.48187255859375000000000000000000
-0.36712646484375000000000000000000
0.67163085937500000000000000000000
-0.28753662109375000000000000000000
-0.54650878906250000000000000000000
0.62097167968750000000000000000000
-0.07067871093750000000000000000000
-0.67523193359375000000000000000000
0.51037597656250000000000000000000
0.15173339843750000000000000000000
-0.74230957031250000000000000000000
0.34173583984375000000000000000000
0.35235595703125000000000000000000
-0.74029541015625000000000000000000
0.13964843750000000000000000000000
0.51855468750000000000000000000000
-0.66949462890625000000000000000000
-0.08306884765625000000000000000000
0.62591552734375000000000000000000
-0.53759765625000000000000000000000
-0.29907226562500000000000000000000
0.67297363281250000000000000000000
-0.35571289062500000000000000000000
-0.49151611328125000000000000000000
0.64550781250000000000000000000000
-0.14440917968750000000000000000000
-0.63842773437500000000000000000000
0.55584716796875000000000000000000
0.07958984375000000000000000000000
-0.72741699218750000000000000000000
0.40350341796875000000000000000000
0.28906250000000000000000000000000
-0.74871826171875000000000000000000
0.21173095703125000000000000000000
0.47003173828125000000000000000000
-0.70043945312500000000000000000000
-0.00781250000000000000000000000000
0.59741210937500000000000000000000
-0.58782958984375000000000000000000
-0.22790527343750000000000000000000
0.66632080078125000000000000000000
-0.42059326171875000000000000000000
-0.43133544921875000000000000000000
0.66271972656250000000000000000000
-0.21716308593750000000000000000000
-0.59503173828125000000000000000000
0.59332275390625000000000000000000
0.00512695312500000000000000000000
-0.70501708984375000000000000000000
0.45977783203125000000000000000000
0.22174072265625000000000000000000
-0.74932861328125000000000000000000
0.27923583984375000000000000000000
0.41394042968750000000000000000000
-0.72412109375000000000000000000000
0.06628417968750000000000000000000
0.56115722656250000000000000000000
-0.63201904296875000000000000000000
-0.15594482421875000000000000000000
0.64971923828125000000000000000000
-0.48150634765625000000000000000000
-0.36724853515625000000000000000000
0.67150878906250000000000000000000
-0.28784179687500000000000000000000
-0.54602050781250000000000000000000
0.62249755859375000000000000000000
-0.07006835937500000000000000000000
-0.67529296875000000000000000000000
0.51068115234375000000000000000000
0.15185546875000000000000000000000
-0.74224853515625000000000000000000
0.34271240234375000000000000000000
0.35272216796875000000000000000000
-0.74029541015625000000000000000000
0.14001464843750000000000000000000
0.51904296875000000000000000000000
-0.66961669921875000000000000000000
-0.08288574218750000000000000000000
0.62506103515625000000000000000000
-0.53784179687500000000000000000000
-0.29895019531250000000000000000000
0.67321777343750000000000000000000
-0.35583496093750000000000000000000
-0.49169921875000000000000000000000
0.64263916015625000000000000000000
-0.14611816406250000000000000000000
-0.63836669921875000000000000000000
0.55493164062500000000000000000000
0.07867431640625000000000000000000
-0.72753906250000000000000000000000
0.39868164062500000000000000000000
0.28375244140625000000000000000000
-0.74877929687500000000000000000000
0.20947265625000000000000000000000
0.46685791015625000000000000000000
-0.70050048828125000000000000000000
-0.01318359375000000000000000000000
0.58624267578125000000000000000000
