0.00000000000000000000000000000000
0.00000000000000000000000000000000
0.00000000000000000000000000000000
0.00000000000000000000000000000000
0.00000000000000000000000000000000
0.00000000000000000000000000000000
0.00000000000000000000000000000000
0.00000000000000000000000000000000
0.00000000000000000000000000000000
0.00000000000000000000000000000000
0.00000000000000000000000000000000
0.00000000000000000000000000000000
0.00000000000000000000000000000000
-0.00085449218750000000000000000000
0.10577392578125000000000000000000
-0.01855468750000000000000000000000
-0.12969970703125000000000000000000
-0.12329101562500000000000000000000
-0.00433349609375000000000000000000
0.12231445312500000000000000000000
0.13818359375000000000000000000000
0.02734375000000000000000000000000
-0.10406494140625000000000000000000
-0.13940429687500000000000000000000
-0.04907226562500000000000000000000
0.08984375000000000000000000000000
0.14910888671875000000000000000000
0.07122802734375000000000000000000
-0.06866455078125000000000000000000
-0.14288330078125000000000000000000
-0.08850097656250000000000000000000
0.04870605468750000000000000000000
0.14477539062500000000000000000000
0.10803222656250000000000000000000
-0.02600097656250000000000000000000
-0.13262939453125000000000000000000
-0.11914062500000000000000000000000
0.00323486328125000000000000000000
0.12609863281250000000000000000000
0.13403320312500000000000000000000
0.01983642578125000000000000000000
-0.10974121093750000000000000000000
-0.13867187500000000000000000000000
-0.04211425781250000000000000000000
0.09527587890625000000000000000000
0.14630126953125000000000000000000
0.06390380859375000000000000000000
-0.07574462890625000000000000000000
-0.14526367187500000000000000000000
-0.08325195312500000000000000000000
0.05560302734375000000000000000000
0.14428710937500000000000000000000
0.10162353515625000000000000000000
-0.03356933593750000000000000000000
-0.13720703125000000000000000000000
-0.11614990234375000000000000000000
0.01074218750000000000000000000000
0.12902832031250000000000000000000
0.12945556640625000000000000000000
0.01226806640625000000000000000000
-0.11553955078125000000000000000000
-0.13757324218750000000000000000000
-0.03485107421875000000000000000000
0.10076904296875000000000000000000
0.14422607421875000000000000000000
0.05664062500000000000000000000000
-0.08264160156250000000000000000000
-0.14624023437500000000000000000000
-0.07714843750000000000000000000000
0.06262207031250000000000000000000
0.14471435546875000000000000000000
0.09545898437500000000000000000000
-0.04119873046875000000000000000000
-0.14038085937500000000000000000000
-0.11193847656250000000000000000000
0.01849365234375000000000000000000
0.13153076171875000000000000000000
0.12481689453125000000000000000000
0.00439453125000000000000000000000
-0.12054443359375000000000000000000
-0.13574218750000000000000000000000
-0.02740478515625000000000000000000
0.10552978515625000000000000000000
0.14172363281250000000000000000000
0.04949951171875000000000000000000
-0.08917236328125000000000000000000
-0.14678955078125000000000000000000
-0.07080078125000000000000000000000
0.06915283203125000000000000000000
0.14428710937500000000000000000000
0.08905029296875000000000000000000
-0.04870605468750000000000000000000
-0.14367675781250000000000000000000
-0.10766601562500000000000000000000
0.02606201171875000000000000000000
0.13342285156250000000000000000000
0.11968994140625000000000000000000
-0.00317382812500000000000000000000
-0.12591552734375000000000000000000
-0.13397216796875000000000000000000
-0.02001953125000000000000000000000
0.10961914062500000000000000000000
0.13848876953125000000000000000000
0.04217529296875000000000000000000
-0.09564208984375000000000000000000
-0.14776611328125000000000000000000
-0.06439208984375000000000000000000
0.07513427734375000000000000000000
0.14318847656250000000000000000000
0.08258056640625000000000000000000
-0.05596923828125000000000000000000
-0.14703369140625000000000000000000
-0.10308837890625000000000000000000
0.03320312500000000000000000000000
0.13415527343750000000000000000000
0.11389160156250000000000000000000
-0.01086425781250000000000000000000
-0.13153076171875000000000000000000
-0.13226318359375000000000000000000
-0.01232910156250000000000000000000
0.11285400390625000000000000000000
0.13385009765625000000000000000000
0.03442382812500000000000000000000
-0.10278320312500000000000000000000
-0.14874267578125000000000000000000
-0.05755615234375000000000000000000
0.08087158203125000000000000000000
0.14074707031250000000000000000000
0.07556152343750000000000000000000
-0.06384277343750000000000000000000
-0.15087890625000000000000000000000
-0.09838867187500000000000000000000
0.04058837890625000000000000000000
0.13421630859375000000000000000000
0.10797119140625000000000000000000
-0.01885986328125000000000000000000
-0.13751220703125000000000000000000
-0.13043212890625000000000000000000
-0.00457763671875000000000000000000
0.11560058593750000000000000000000
0.12945556640625000000000000000000
0.02697753906250000000000000000000
-0.10980224609375000000000000000000
-0.14953613281250000000000000000000
-0.05047607421875000000000000000000
0.08605957031250000000000000000000
0.13873291015625000000000000000000
0.06866455078125000000000000000000
-0.07122802734375000000000000000000
-0.15344238281250000000000000000000
-0.09265136718750000000000000000000
0.04730224609375000000000000000000
0.13488769531250000000000000000000
0.10229492187500000000000000000000
-0.02642822265625000000000000000000
-0.14196777343750000000000000000000
-0.12664794921875000000000000000000
0.00305175781250000000000000000000
0.11810302734375000000000000000000
0.12500000000000000000000000000000
0.01940917968750000000000000000000
-0.11621093750000000000000000000000
-0.14886474609375000000000000000000
-0.04315185546875000000000000000000
0.09051513671875000000000000000000
0.13574218750000000000000000000000
0.06158447265625000000000000000000
-0.07873535156250000000000000000000
-0.15625000000000000000000000000000
-0.08685302734375000000000000000000
0.05377197265625000000000000000000
0.13385009765625000000000000000000
0.09606933593750000000000000000000
-0.03424072265625000000000000000000
-0.14727783203125000000000000000000
-0.12329101562500000000000000000000
0.01055908203125000000000000000000
0.11999511718750000000000000000000
0.12042236328125000000000000000000
0.01196289062500000000000000000000
-0.12237548828125000000000000000000
-0.14709472656250000000000000000000
-0.03570556640625000000000000000000
0.09564208984375000000000000000000
0.13427734375000000000000000000000
0.05517578125000000000000000000000
-0.08551025390625000000000000000000
-0.15527343750000000000000000000000
-0.07977294921875000000000000000000
0.06072998046875000000000000000000
0.13586425781250000000000000000000
0.09155273437500000000000000000000
-0.04187011718750000000000000000000
-0.14874267578125000000000000000000
-0.11737060546875000000000000000000
0.01812744140625000000000000000000
0.12359619140625000000000000000000
0.11749267578125000000000000000000
0.00439453125000000000000000000000
-0.12750244140625000000000000000000
-0.14465332031250000000000000000000
-0.02801513671875000000000000000000
0.10003662109375000000000000000000
0.13201904296875000000000000000000
0.04815673828125000000000000000000
-0.09277343750000000000000000000000
-0.15612792968750000000000000000000
-0.07299804687500000000000000000000
0.06713867187500000000000000000000
0.13616943359375000000000000000000
0.08599853515625000000000000000000
-0.04962158203125000000000000000000
-0.15057373046875000000000000000000
-0.11145019531250000000000000000000
0.02581787109375000000000000000000
0.12756347656250000000000000000000
0.11492919921875000000000000000000
-0.00354003906250000000000000000000
-0.13110351562500000000000000000000
-0.13983154296875000000000000000000
-0.01995849609375000000000000000000
0.10571289062500000000000000000000
0.13183593750000000000000000000000
0.04119873046875000000000000000000
-0.09887695312500000000000000000000
-0.15460205078125000000000000000000
-0.06555175781250000000000000000000
0.07348632812500000000000000000000
0.13665771484375000000000000000000
0.08026123046875000000000000000000
-0.05718994140625000000000000000000
-0.15283203125000000000000000000000
-0.10595703125000000000000000000000
0.03302001953125000000000000000000
0.12969970703125000000000000000000
0.11090087890625000000000000000000
-0.01098632812500000000000000000000
-0.13507080078125000000000000000000
-0.13568115234375000000000000000000
-0.01245117187500000000000000000000
0.11059570312500000000000000000000
0.13098144531250000000000000000000
0.03442382812500000000000000000000
-0.10406494140625000000000000000000
-0.15124511718750000000000000000000
-0.05798339843750000000000000000000
0.08007812500000000000000000000000
0.13916015625000000000000000000000
0.07519531250000000000000000000000
-0.06390380859375000000000000000000
-0.15148925781250000000000000000000
-0.09857177734375000000000000000000
0.04040527343750000000000000000000
0.13421630859375000000000000000000
0.10803222656250000000000000000000
-0.01873779296875000000000000000000
-0.13690185546875000000000000000000
-0.12963867187500000000000000000000
-0.00451660156250000000000000000000
0.11633300781250000000000000000000
0.13043212890625000000000000000000
0.02685546875000000000000000000000
-0.10882568359375000000000000000000
-0.14746093750000000000000000000000
-0.05010986328125000000000000000000
0.08697509765625000000000000000000
0.14117431640625000000000000000000
0.06927490234375000000000000000000
-0.07055664062500000000000000000000
-0.14953613281250000000000000000000
-0.09100341796875000000000000000000
0.04803466796875000000000000000000
0.13903808593750000000000000000000
0.10498046875000000000000000000000
-0.02636718750000000000000000000000
-0.13708496093750000000000000000000
-0.12261962890625000000000000000000
0.00329589843750000000000000000000
0.12298583984375000000000000000000
0.13092041015625000000000000000000
0.01965332031250000000000000000000
-0.11163330078125000000000000000000
-0.14135742187500000000000000000000
-0.04235839843750000000000000000000
0.09448242187500000000000000000000
0.14501953125000000000000000000000
0.06372070312500000000000000000000
-0.07586669921875000000000000000000
-0.14544677734375000000000000000000
-0.08319091796875000000000000000000
0.05572509765625000000000000000000
0.14526367187500000000000000000000
0.10217285156250000000000000000000
-0.03344726562500000000000000000000
-0.13562011718750000000000000000000
-0.11492919921875000000000000000000
0.01086425781250000000000000000000
0.13049316406250000000000000000000
0.13122558593750000000000000000000
0.01214599609375000000000000000000
-0.11364746093750000000000000000000
-0.13476562500000000000000000000000
-0.03460693359375000000000000000000
0.10223388671875000000000000000000
0.14770507812500000000000000000000
0.05725097656250000000000000000000
-0.08111572265625000000000000000000
-0.14123535156250000000000000000000
-0.07550048828125000000000000000000
0.06365966796875000000000000000000
0.15008544921875000000000000000000
0.09802246093750000000000000000000
-0.04058837890625000000000000000000
-0.13415527343750000000000000000000
-0.10791015625000000000000000000000
0.01873779296875000000000000000000
0.13702392578125000000000000000000
0.13000488281250000000000000000000
0.00457763671875000000000000000000
-0.11529541015625000000000000000000
-0.12915039062500000000000000000000
-0.02703857421875000000000000000000
0.10943603515625000000000000000000
0.14904785156250000000000000000000
0.05053710937500000000000000000000
-0.08581542968750000000000000000000
-0.13848876953125000000000000000000
-0.06884765625000000000000000000000
0.07092285156250000000000000000000
0.15289306640625000000000000000000
0.09246826171875000000000000000000
-0.04730224609375000000000000000000
-0.13500976562500000000000000000000
-0.10266113281250000000000000000000
0.02630615234375000000000000000000
0.14135742187500000000000000000000
0.12634277343750000000000000000000
-0.00299072265625000000000000000000
-0.11853027343750000000000000000000
-0.12567138671875000000000000000000
-0.01971435546875000000000000000000
0.11566162109375000000000000000000
0.14819335937500000000000000000000
0.04309082031250000000000000000000
-0.09094238281250000000000000000000
-0.13677978515625000000000000000000
-0.06213378906250000000000000000000
0.07836914062500000000000000000000
0.15460205078125000000000000000000
0.08636474609375000000000000000000
-0.05426025390625000000000000000000
-0.13598632812500000000000000000000
-0.09747314453125000000000000000000
0.03417968750000000000000000000000
0.14459228515625000000000000000000
0.12139892578125000000000000000000
-0.01080322265625000000000000000000
-0.12268066406250000000000000000000
-0.12329101562500000000000000000000
-0.01196289062500000000000000000000
0.12017822265625000000000000000000
0.14422607421875000000000000000000
0.03521728515625000000000000000000
-0.09722900390625000000000000000000
-0.13726806640625000000000000000000
-0.05554199218750000000000000000000
0.08477783203125000000000000000000
0.15295410156250000000000000000000
0.07891845703125000000000000000000
-0.06140136718750000000000000000000
-0.13861083984375000000000000000000
-0.09283447265625000000000000000000
0.04168701171875000000000000000000
0.14562988281250000000000000000000
0.11511230468750000000000000000000
-0.01849365234375000000000000000000
-0.12731933593750000000000000000000
-0.12103271484375000000000000000000
-0.00433349609375000000000000000000
0.12390136718750000000000000000000
0.13989257812500000000000000000000
0.02752685546875000000000000000000
-0.10302734375000000000000000000000
-0.13732910156250000000000000000000
-0.04895019531250000000000000000000
0.09045410156250000000000000000000
0.15039062500000000000000000000000
0.07165527343750000000000000000000
-0.06829833984375000000000000000000
-0.14196777343750000000000000000000
-0.08843994140625000000000000000000
0.04858398437500000000000000000000
0.14447021484375000000000000000000
0.10791015625000000000000000000000
-0.02587890625000000000000000000000
-0.13348388671875000000000000000000
-0.12011718750000000000000000000000
0.00292968750000000000000000000000
0.12500000000000000000000000000000
0.13281250000000000000000000000000
0.01995849609375000000000000000000
-0.11077880859375000000000000000000
-0.14044189453125000000000000000000
-0.04241943359375000000000000000000
0.09436035156250000000000000000000
0.14434814453125000000000000000000
0.06359863281250000000000000000000
-0.07629394531250000000000000000000
-0.14727783203125000000000000000000
-0.08410644531250000000000000000000
0.05517578125000000000000000000000
0.14178466796875000000000000000000
0.10015869140625000000000000000000
-0.03381347656250000000000000000000
-0.14031982421875000000000000000000
-0.11865234375000000000000000000000
0.01080322265625000000000000000000
0.12536621093750000000000000000000
0.12561035156250000000000000000000
0.01208496093750000000000000000000
-0.11895751953125000000000000000000
-0.14300537109375000000000000000000
-0.03540039062500000000000000000000
0.09741210937500000000000000000000
0.13769531250000000000000000000000
0.05566406250000000000000000000000
-0.08496093750000000000000000000000
-0.15429687500000000000000000000000
-0.07965087890625000000000000000000
0.06072998046875000000000000000000
0.13586425781250000000000000000000
0.09136962890625000000000000000000
-0.04193115234375000000000000000000
-0.15014648437500000000000000000000
-0.11840820312500000000000000000000
0.01812744140625000000000000000000
0.12225341796875000000000000000000
0.11614990234375000000000000000000
0.00421142578125000000000000000000
-0.12915039062500000000000000000000
-0.14678955078125000000000000000000
-0.02807617187500000000000000000000
0.09844970703125000000000000000000
0.12872314453125000000000000000000
0.04766845703125000000000000000000
-0.09454345703125000000000000000000
-0.16149902343750000000000000000000
-0.07452392578125000000000000000000
0.06542968750000000000000000000000
0.12866210937500000000000000000000
0.08288574218750000000000000000000
-0.05065917968750000000000000000000
-0.15960693359375000000000000000000
-0.11700439453125000000000000000000
0.02508544921875000000000000000000
0.11761474609375000000000000000000
0.10668945312500000000000000000000
-0.00347900390625000000000000000000
-0.14013671875000000000000000000000
-0.15057373046875000000000000000000
-0.02062988281250000000000000000000
0.09710693359375000000000000000000
0.11816406250000000000000000000000
0.03991699218750000000000000000000
-0.10534667968750000000000000000000
-0.17047119140625000000000000000000
-0.06909179687500000000000000000000
0.06829833984375000000000000000000
0.11865234375000000000000000000000
0.07415771484375000000000000000000
-0.05981445312500000000000000000000
-0.17163085937500000000000000000000
-0.11566162109375000000000000000000
0.03137207031250000000000000000000
0.11071777343750000000000000000000
0.09686279296875000000000000000000
-0.01135253906250000000000000000000
-0.15289306640625000000000000000000
-0.15423583984375000000000000000000
-0.01293945312500000000000000000000
0.09454345703125000000000000000000
0.10754394531250000000000000000000
0.03247070312500000000000000000000
-0.11743164062500000000000000000000
-0.17883300781250000000000000000000
-0.06274414062500000000000000000000
0.07012939453125000000000000000000
0.10772705078125000000000000000000
0.06573486328125000000000000000000
-0.07049560546875000000000000000000
-0.18481445312500000000000000000000
-0.11376953125000000000000000000000
0.03723144531250000000000000000000
0.10034179687500000000000000000000
0.08593750000000000000000000000000
-0.01989746093750000000000000000000
-0.16815185546875000000000000000000
-0.15838623046875000000000000000000
-0.00518798828125000000000000000000
0.08843994140625000000000000000000
0.09490966796875000000000000000000
0.02508544921875000000000000000000
-0.13134765625000000000000000000000
-0.18872070312500000000000000000000
-0.05596923828125000000000000000000
0.06951904296875000000000000000000
0.09442138671875000000000000000000
0.05786132812500000000000000000000
-0.08190917968750000000000000000000
-0.19897460937500000000000000000000
-0.11083984375000000000000000000000
0.04144287109375000000000000000000
0.08892822265625000000000000000000
0.07604980468750000000000000000000
-0.02862548828125000000000000000000
-0.18457031250000000000000000000000
-0.16174316406250000000000000000000
0.00219726562500000000000000000000
0.08020019531250000000000000000000
0.08190917968750000000000000000000
0.01788330078125000000000000000000
-0.14739990234375000000000000000000
-0.19885253906250000000000000000000
-0.04852294921875000000000000000000
0.06677246093750000000000000000000
0.08013916015625000000000000000000
0.05029296875000000000000000000000
-0.09503173828125000000000000000000
-0.21411132812500000000000000000000
-0.10681152343750000000000000000000
0.04443359375000000000000000000000
0.07452392578125000000000000000000
0.06597900390625000000000000000000
-0.03851318359375000000000000000000
-0.20300292968750000000000000000000
-0.16418457031250000000000000000000
0.00933837890625000000000000000000
0.06939697265625000000000000000000
0.06896972656250000000000000000000
0.01043701171875000000000000000000
-0.16455078125000000000000000000000
-0.20709228515625000000000000000000
-0.04022216796875000000000000000000
0.06256103515625000000000000000000
0.06652832031250000000000000000000
0.04357910156250000000000000000000
-0.10913085937500000000000000000000
-0.22686767578125000000000000000000
-0.10076904296875000000000000000000
0.04650878906250000000000000000000
0.06243896484375000000000000000000
0.05877685546875000000000000000000
-0.04901123046875000000000000000000
-0.21789550781250000000000000000000
-0.16223144531250000000000000000000
0.01599121093750000000000000000000
0.06066894531250000000000000000000
0.06060791015625000000000000000000
0.00299072265625000000000000000000
-0.18011474609375000000000000000000
-0.21099853515625000000000000000000
-0.03161621093750000000000000000000
0.05822753906250000000000000000000
0.05645751953125000000000000000000
0.03790283203125000000000000000000
-0.12304687500000000000000000000000
-0.23596191406250000000000000000000
-0.09277343750000000000000000000000
0.04760742187500000000000000000000
0.05340576171875000000000000000000
0.05389404296875000000000000000000
-0.05987548828125000000000000000000
-0.22918701171875000000000000000000
-0.15667724609375000000000000000000
0.02203369140625000000000000000000
0.05511474609375000000000000000000
0.05657958984375000000000000000000
-0.00482177734375000000000000000000
-0.19195556640625000000000000000000
-0.20825195312500000000000000000000
-0.02258300781250000000000000000000
0.05676269531250000000000000000000
0.05426025390625000000000000000000
0.03314208984375000000000000000000
-0.13446044921875000000000000000000
-0.23571777343750000000000000000000
-0.08227539062500000000000000000000
0.04992675781250000000000000000000
0.05255126953125000000000000000000
0.05200195312500000000000000000000
-0.07025146484375000000000000000000
-0.23297119140625000000000000000000
-0.14654541015625000000000000000000
0.02740478515625000000000000000000
0.05450439453125000000000000000000
0.05657958984375000000000000000000
-0.01275634765625000000000000000000
-0.19970703125000000000000000000000
-0.20086669921875000000000000000000
-0.01403808593750000000000000000000
