0.00000000000000000000000000000000
-0.00000003259629011154174804687500
0.00001078145578503608703613281250
-0.00080080237239599227905273437500
-0.00055022956803441047668457031250
0.00129867158830165863037109375000
0.00324899842962622642517089843750
0.00209660828113555908203125000000
-0.00330349337309598922729492187500
-0.00855105649679899215698242187500
-0.00616126274690032005310058593750
0.00585348717868328094482421875000
0.01789257954806089401245117187500
0.01476276433095335960388183593750
-0.00781153095886111259460449218750
-0.03224784741178154945373535156250
-0.03042229078710079193115234375000
0.00696757296100258827209472656250
0.05152534553781151771545410156250
0.05556842125952243804931640625000
-0.00011851731687784194946289062500
-0.07441702624782919883728027343750
-0.09205395262688398361206054687500
-0.01661044964566826820373535156250
0.09783859644085168838500976562500
0.14020157419145107269287109375000
0.04708408378064632415771484375000
-0.11725151119753718376159667968750
-0.19844640558585524559020996093750
-0.09428893122822046279907226562500
0.12699285848066210746765136718750
0.26280466420575976371765136718750
0.15940902335569262504577636718750
-0.12127141561359167098999023437500
-0.32730132108554244041442871093750
-0.24118471657857298851013183593750
0.09517971705645322799682617187500
0.38445129850879311561584472656250
0.33560698246583342552185058593750
-0.04576641600579023361206054687500
-0.42647093115374445915222167968750
-0.43625021912157535552978515625000
-0.02723349584266543388366699218750
0.44640082167461514472961425781250
0.53499924670904874801635742187500
0.12113648140802979469299316406250
-0.43928915262222290039062500000000
-0.62324156705290079116821289062500
-0.23060998274013400077819824218750
0.40289494814351201057434082031250
0.69302626373246312141418457031250
0.34843900846317410469055175781250
-0.33796878438442945480346679687500
-0.73818343365564942359924316406250
-0.46659862995147705078125000000000
0.24794110096991062164306640625000
0.75493514118716120719909667968750
0.57733681239187717437744140625000
-0.13822988420724868774414062500000
-0.74211430316790938377380371093750
-0.67407259810715913772583007812500
0.01532352995127439498901367187500
0.70088803535327315330505371093750
0.75194003852084279060363769531250
0.11411717487499117851257324218750
-0.63416725350543856620788574218750
-0.80790545605123043060302734375000
-0.24395613744854927062988281250000
0.54592330614104866981506347656250
0.84060233365744352340698242187500
0.36898692138493061065673828125000
-0.44052781676873564720153808593750
-0.84990055998787283897399902343750
-0.48519943980500102043151855468750
0.32248943857848644256591796875000
0.83654753072187304496765136718750
0.58874191995710134506225585937500
-0.19527897657826542854309082031250
-0.80147758312523365020751953125000
-0.67774531524628400802612304687500
0.06324885087087750434875488281250
0.74665333097800612449645996093750
0.75006435252726078033447265625000
0.07034717872738838195800781250000
-0.67346283933147788047790527343750
-0.80392834963276982307434082031250
-0.20222022803500294685363769531250
0.58366183936595916748046875000000
0.83798736240714788436889648437500
0.32912501692771911621093750000000
-0.47949612326920032501220703125000
-0.85142183350399136543273925781250
-0.44792923144996166229248046875000
0.36350194504484534263610839843750
0.84388027992099523544311523437500
0.55571611830964684486389160156250
-0.23855402227491140365600585937500
-0.81555561395362019538879394531250
-0.64981179637834429740905761718750
0.10771726118400692939758300781250
0.76714443974196910858154296875000
0.72792583284899592399597167968750
0.02578115323558449745178222656250
-0.69982368545606732368469238281250
-0.78808673657476902008056640625000
-0.15865215798839926719665527343750
0.61526979785412549972534179687500
0.82887321617454290390014648437500
0.28762873541563749313354492187500
-0.51553764054551720619201660156250
-0.84919045586138963699340820312500
-0.40951098222285509109497070312500
0.40310850320383906364440917968750
0.84863719251006841659545898437500
0.52132751187309622764587402343750
-0.28073393786326050758361816406250
-0.82710815360769629478454589843750
-0.62025849288329482078552246093750
0.15144613385200500488281250000000
0.78525388566777110099792480468750
0.70394851593300700187683105468750
-0.01843006769195199012756347656250
-0.72399305878207087516784667968750
-0.77021831460297107696533203125000
-0.11502484232187271118164062500000
0.64494854351505637168884277343750
0.81758325872942805290222167968750
0.24563820334151387214660644531250
-0.54998479178175330162048339843750
-0.84471119660884141921997070312500
-0.37016510590910911560058593750000
0.44152338011190295219421386718750
0.85113923018798232078552246093750
0.48559307400137186050415039062500
-0.32218888448551297187805175781250
-0.83651739684864878654479980468750
-0.58901084912940859794616699218750
0.19495158456265926361083984375000
0.80141686648130416870117187500000
0.67799735907465219497680664062500
-0.06292161159217357635498046875000
-0.74651883076876401901245117187500
-0.75022521754726767539978027343750
-0.07065138127654790878295898437500
0.67334244912490248680114746093750
0.80411257036030292510986328125000
0.20250413101166486740112304687500
-0.58353495318442583084106445312500
-0.83810980524867773056030273437500
-0.32937517017126083374023437500000
0.47941553220152854919433593750000
0.85163670685142278671264648437500
0.44820215133950114250183105468750
-0.36344262864440679550170898437500
-0.84406236419454216957092285156250
-0.55596537608653306961059570312500
0.23852350516244769096374511718750
0.81585889309644699096679687500000
0.65014856029301881790161132812500
-0.10769293038174510002136230468750
-0.76741450559347867965698242187500
-0.72822295222431421279907226562500
-0.02580714877694845199584960937500
0.70018359087407588958740234375000
0.78850608598440885543823242187500
0.15869677392765879631042480468750
-0.61558198696002364158630371093750
-0.82919826777651906013488769531250
-0.28766598924994468688964843750000
0.51588809210807085037231445312500
0.84962923917919397354125976562500
0.40957719879224896430969238281250
-0.40342131489887833595275878906250
-0.84893580013886094093322753906250
-0.52132920827716588973999023437500
0.28105842694640159606933593750000
0.82749653421342372894287109375000
0.62029848340898752212524414062500
-0.15176600357517600059509277343750
-0.78550150804221630096435546875000
-0.70385799370706081390380859375000
0.01876816432923078536987304687500
0.72431678138673305511474609375000
0.77020155126228928565979003906250
0.11467334721237421035766601562500
-0.64516589511185884475708007812500
-0.81738734012469649314880371093750
-0.24524681875482201576232910156250
0.55025858432054519653320312500000
0.84463783539831638336181640625000
0.36978529067710041999816894531250
-0.44173248996958136558532714843750
-0.85086265066638588905334472656250
-0.48513750964775681495666503906250
0.32241312181577086448669433593750
0.83636692492291331291198730468750
0.58861056901514530181884765625000
-0.19514286238700151443481445312500
-0.80106790689751505851745605468750
-0.67746002739295363426208496093750
0.06310839345678687095642089843750
0.74625321524217724800109863281250
0.74976737285032868385314941406250
0.07046815706416964530944824218750
-0.67291183769702911376953125000000
-0.80343863414600491523742675781250
-0.20228144060820341110229492187500
0.58316117385402321815490722656250
0.83753496315330266952514648437500
0.32912610471248626708984375000000
-0.47896424727514386177062988281250
-0.85080239456146955490112304687500
-0.44781770324334502220153808593750
0.36307023139670491218566894531250
0.84337448887526988983154296875000
0.55556342378258705139160156250000
-0.23820257466286420822143554687500
-0.81496995268389582633972167968750
-0.64953307062387466430664062500000
0.10750341694802045822143554687500
0.76674627605825662612915039062500
0.72768017090857028961181640625000
0.02585855731740593910217285156250
-0.69946247339248657226562500000000
-0.78775495802983641624450683593750
-0.15858853375539183616638183593750
0.61513880919665098190307617187500
0.82867569802328944206237792968750
0.28745549544692039489746093750000
-0.51553396694362163543701171875000
-0.84898605244234204292297363281250
-0.40924303280189633369445800781250
0.40332115069031715393066406250000
0.84865305712446570396423339843750
0.52104918379336595535278320312500
-0.28108616406098008155822753906250
-0.82718876237049698829650878906250
-0.61996879521757364273071289062500
0.15193313360214233398437500000000
0.78557657497003674507141113281250
0.70377193531021475791931152343750
-0.01897956896573305130004882812500
-0.72439502086490392684936523437500
-0.77010569628328084945678710937500
-0.11446839943528175354003906250000
0.64551500463858246803283691406250
0.81765275308862328529357910156250
0.24513904191553592681884765625000
-0.55057042557746171951293945312500
-0.84485942171886563301086425781250
-0.36976729705929756164550781250000
0.44213086972013115882873535156250
0.85143397469073534011840820312500
0.48533057142049074172973632812500
-0.32271522376686334609985351562500
-0.83681681193411350250244140625000
-0.58886866550892591476440429687500
0.19537998316809535026550292968750
0.80175446067005395889282226562500
0.67796596139669418334960937500000
-0.06321819173172116279602050781250
-0.74675491824746131896972656250000
-0.75022909184917807579040527343750
-0.07047218270599842071533203125000
0.67351608956232666969299316406250
0.80412253271788358688354492187500
0.20240409299731254577636718750000
-0.58357420563697814941406250000000
-0.83805145462974905967712402343750
-0.32930957153439521789550781250000
0.47937733447179198265075683593750
0.85148157272487878799438476562500
0.44809323363006114959716796875000
-0.36334286862984299659729003906250
-0.84381731599569320678710937500000
-0.55579665023833513259887695312500
0.23842949280515313148498535156250
0.81551145296543836593627929687500
0.64983987668529152870178222656250
-0.10765122622251510620117187500000
-0.76704218750819563865661621093750
-0.72784113418310880661010742187500
-0.02575262309983372688293457031250
0.69980288203805685043334960937500
0.78798745945096015930175781250000
0.15851804334670305252075195312500
-0.61526844231411814689636230468750
-0.82868342008441686630249023437500
-0.28738594427704811096191406250000
0.51566202286630868911743164062500
0.84906151890754699707031250000000
0.40918585006147623062133789062500
-0.40330806281417608261108398437500
-0.84847107483074069023132324218750
-0.52092044940218329429626464843750
0.28105465276166796684265136718750
0.82705959491431713104248046875000
0.61983670806512236595153808593750
-0.15185272507369518280029296875000
-0.78522174898535013198852539062500
-0.70348954480141401290893554687500
0.01891818875446915626525878906250
0.72408828372135758399963378906250
0.76981014572083950042724609375000
0.11448178067803382873535156250000
-0.64508117269724607467651367187500
-0.81716624042019248008728027343750
-0.24505710927769541740417480468750
0.55021369224414229393005371093750
0.84437329415231943130493164062500
0.36956700170412659645080566406250
-0.44177915435284376144409179687500
-0.85078193573281168937683105468750
-0.48497069953009486198425292968750
0.32249422091990709304809570312500
0.83621923672035336494445800781250
0.58838199218735098838806152343750
-0.19527184497565031051635742187500
-0.80106453690677881240844726562500
-0.67731029726564884185791015625000
0.06326954392716288566589355468750
0.74618217209354043006896972656250
0.74950775550678372383117675781250
0.07027294812723994255065917968750
-0.67293257731944322586059570312500
-0.80327830603346228599548339843750
-0.20207308884710073471069335937500
0.58311792556196451187133789062500
0.83721332531422376632690429687500
0.32887278171256184577941894531250
-0.47895467467606067657470703125000
-0.85059307096526026725769042968750
-0.44759434461593627929687500000000
0.36299830069765448570251464843750
0.84296112461015582084655761718750
0.55525645939633250236511230468750
-0.23810343910008668899536132812500
-0.81464268127456307411193847656250
-0.64930175105109810829162597656250
0.10734183760359883308410644531250
0.76619660807773470878601074218750
0.72729652794077992439270019531250
0.02607150096446275711059570312500
-0.69893778255209326744079589843750
-0.78746394859626889228820800781250
-0.15885452926158905029296875000000
0.61440990306437015533447265625000
0.82814945513382554054260253906250
0.28772335546091198921203613281250
-0.51478548813611268997192382812500
-0.84854207234457135200500488281250
-0.40953295165672898292541503906250
0.40244473423808813095092773437500
0.84792337287217378616333007812500
0.52122340025380253791809082031250
-0.28020990081131458282470703125000
-0.82653897907584905624389648437500
-0.62013504980131983757019042968750
0.15105892578139901161193847656250
0.78468293324112892150878906250000
0.70370034780353307723999023437500
-0.01819291152060031890869140625000
-0.72361130453646183013916015625000
-0.77003243984654545783996582031250
-0.11512440675869584083557128906250
0.64463191060349345207214355468750
0.81729653524234890937805175781250
0.24560000840574502944946289062500
-0.54986112518236041069030761718750
-0.84456978132948279380798339843750
-0.37004696205258369445800781250000
0.44149611564353108406066894531250
0.85091634932905435562133789062500
0.48535682726651430130004882812500
-0.32230748748406767845153808593750
-0.83647151384502649307250976562500
-0.58877528039738535881042480468750
0.19515684479847550392150878906250
0.80130001902580261230468750000000
0.67764425696805119514465332031250
-0.06321026431396603584289550781250
-0.74653584323823451995849609375000
-0.74992378707975149154663085937500
-0.07030744850635528564453125000000
0.67328903777524828910827636718750
0.80366522120311856269836425781250
0.20210519013926386833190917968750
-0.58354694070294499397277832031250
-0.83772546425461769104003906250000
-0.32894709380343556404113769531250
0.47936477372422814369201660156250
0.85106813441962003707885742187500
0.44769549835473299026489257812500
-0.36341030476614832878112792968750
-0.84354878542944788932800292968750
-0.55544827133417129516601562500000
0.23846163088455796241760253906250
0.81515566213056445121765136718750
0.64950260706245899200439453125000
-0.10764143243432044982910156250000
-0.76676145661622285842895507812500
-0.72759257256984710693359375000000
-0.02584692556411027908325195312500
0.69938902556896209716796875000000
0.78771302197128534317016601562500
0.15870154695585370063781738281250
-0.61484233010560274124145507812500
-0.82845852524042129516601562500000
-0.28763782698661088943481445312500
0.51509227650240063667297363281250
0.84874496236443519592285156250000
0.40948613733053207397460937500000
-0.40268983272835612297058105468750
-0.84814069978892803192138671875000
-0.52121736295521259307861328125000
0.28035164996981620788574218750000
0.82662507612258195877075195312500
0.62012078240513801574707031250000
-0.15113411052152514457702636718750
-0.78474967833608388900756835937500
-0.70369963301345705986022949218750
0.01820208271965384483337402343750
0.72356660803779959678649902343750
0.77000406151637434959411621093750
0.11517000664025545120239257812500
-0.64456055732443928718566894531250
-0.81727550923824310302734375000000
-0.24568746890872716903686523437500
0.54970782250165939331054687500000
0.84452627971768379211425781250000
0.37018947117030620574951171875000
-0.44131862279027700424194335937500
-0.85089435148984193801879882812500
-0.48553904565051198005676269531250
0.32206770684570074081420898437500
0.83644536649808287620544433593750
0.58903405722230672836303710937500
-0.19487727340310811996459960937500
-0.80128747457638382911682128906250
-0.67793496139347553253173828125000
0.06287172250449657440185546875000
0.74652991397306323051452636718750
0.75031888298690319061279296875000
0.07071003736928105354309082031250
-0.67327059246599674224853515625000
-0.80405192077159881591796875000000
-0.20255498727783560752868652343750
0.58351734559983015060424804687500
0.83822338189929723739624023437500
0.32947825314477086067199707031250
-0.47929994575679302215576171875000
-0.85148568078875541687011718750000
-0.44821834750473499298095703125000
0.36331557529047131538391113281250
0.84406667761504650115966796875000
0.55606365390121936798095703125000
-0.23833310324698686599731445312500
-0.81553068850189447402954101562500
-0.65000666864216327667236328125000
0.10748850600793957710266113281250
0.76720385439693927764892578125000
0.72820529341697692871093750000000
0.02601756853982806205749511718750
-0.69968053512275218963623046875000
-0.78810526849702000617980957031250
-0.15885369805619120597839355468750
0.61516201915219426155090332031250
0.82898986851796507835388183593750
0.28781856829300522804260253906250
-0.51529475720599293708801269531250
-0.84897291427478194236755371093750
-0.40956716425716876983642578125000
0.40288412943482398986816406250000
0.84854248771443963050842285156250
0.52139237802475690841674804687500
-0.28047397127375006675720214843750
-0.82668032031506299972534179687500
-0.62007406959310173988342285156250
0.15122575266286730766296386718750
0.78498721355572342872619628906250
0.70386005006730556488037109375000
-0.01825028890743851661682128906250
-0.72347450954839587211608886718750
-0.76978835929185152053833007812500
-0.11512187961488962173461914062500
0.64459827356040477752685546875000
0.81736911507323384284973144531250
0.24569482123479247093200683593750
-0.54950671596452593803405761718750
-0.84410876268520951271057128906250
-0.37006842577829957008361816406250
0.44117694906890392303466796875000
0.85084299463778734207153320312500
0.48553973203524947166442871093750
-0.32181879552081227302551269531250
-0.83581381244584918022155761718750
-0.58868039306253194808959960937500
0.19466460496187210083007812500000
0.80102900881320238113403320312500
0.67783166049048304557800292968750
-0.06267620529979467391967773437500
-0.74575673975050449371337890625000
-0.74961240869015455245971679687500
-0.07080627279356122016906738281250
0.67281928425654768943786621093750
0.80376665946096181869506835937500
0.20260197995230555534362792968750
-0.58274456579238176345825195312500
-0.83716410445049405097961425781250
-0.32926895236596465110778808593750
0.47877223044633865356445312500000
0.85102089960128068923950195312500
0.44808650482445955276489257812500
-0.36269805859774351119995117187500
-0.84279581299051642417907714843750
-0.55544893397018313407897949218750
0.23788793059065937995910644531250
0.81495757168158888816833496093750
0.64975561294704675674438476562500
-0.10711622377857565879821777343750
-0.76595697598531842231750488281250
-0.72722281841561198234558105468750
-0.02623466076329350471496582031250
0.69909307733178138732910156250000
0.78783134883269667625427246093750
0.15899904211983084678649902343750
-0.61416170513257384300231933593750
-0.82779130013659596443176269531250
-0.28770060045644640922546386718750
0.51478861272335052490234375000000
0.84874039189890027046203613281250
0.40956955868750810623168945312500
-0.40225963201373815536499023437500
-0.84731780644506216049194335937500
-0.52086992049589753150939941406250
0.28016003360971808433532714843750
0.82650465564802289009094238281250
0.62000809283927083015441894531250
-0.15101301204413175582885742187500
-0.78391510201618075370788574218750
-0.70290182298049330711364746093750
0.01827147649601101875305175781250
0.72334321681410074234008789062500
0.76966833416372537612915039062500
0.11494577396661043167114257812500
-0.64384947018697857856750488281250
-0.81602705782279372215270996093750
-0.24516547890380024909973144531250
0.54945585271343588829040527343750
0.84391357423737645149230957031250
0.36956185521557927131652832031250
-0.44088562484830617904663085937500
-0.84927394893020391464233398437500
-0.48436343763023614883422851562500
0.32197494013234972953796386718750
0.83554611355066299438476562500000
0.58793376293033361434936523437500
-0.19490738306194543838500976562500
-0.79951387364417314529418945312500
-0.67600348265841603279113769531250
0.06322587607428431510925292968750
0.74546664999797940254211425781250
0.74873495101928710937500000000000
0.07005518628284335136413574218750
-0.67167803831398487091064453125000
-0.80146657442674040794372558593750
-0.20147822517901659011840820312500
0.58257178543135523796081542968750
0.83628139598295092582702636718750
0.32814015494659543037414550781250
-0.47825529705733060836791992187500
-0.84857935365289449691772460937500
-0.44629786675795912742614746093750
0.36283252388238906860351562500000
0.84203201392665505409240722656250
0.55414057243615388870239257812500
-0.23810803005471825599670410156250
-0.81277861865237355232238769531250
-0.64735492598265409469604492187500
0.10775588173419237136840820312500
0.76542491046711802482604980468750
0.72594429599121212959289550781250
0.02533853612840175628662109375000
-0.69755643280223011970520019531250
-0.78504425426945090293884277343750
-0.15770117193460464477539062500000
0.61396232061088085174560546875000
0.82671059481799602508544921875000
0.28634755872189998626708984375000
-0.51413669949397444725036621093750
-0.84594039758667349815368652343750
-0.40758112724870443344116210937500
0.40249044774100184440612792968750
0.84654698474332690238952636718750
0.51938198739662766456604003906250
-0.28040312509983777999877929687500
-0.82410784717649221420288085937500
-0.61747018946334719657897949218750
0.15173011878505349159240722656250
0.78349283244460821151733398437500
